211.5859587424784 1767.9179978016764 -0.46500093078613247
211.59109975211788 1767.4180345537552 -0.46821352288249984
211.5960551592807 1766.9180594338181 -0.4687821912489899
211.59962074156977 1766.4180721600867 -0.4688950167408299
211.60256985457397 1765.9180835797129 -0.4705449343736833
211.60551896757818 1765.418094999339 -0.47219485200653666
211.60759993461363 1764.9181004518932 -0.47325414448966796
211.60968090164909 1764.4181059044474 -0.47431343697279926
211.61176186868454 1763.9181113570016 -0.47537272945593056
211.61384283572 1763.4181168095558 -0.47643202193906187
211.616984092356 1762.9181322001016 -0.4787820891037098
211.62012534899202 1762.4181475906473 -0.4811321562683577
211.62326660562803 1761.918162981193 -0.4834822234330056
211.62660361948747 1761.4181808168798 -0.48607060266620983
211.6299406333469 1760.9181986525666 -0.48865898189941404
211.63273133432108 1760.4182081670713 -0.48734505561478314
211.63552203529525 1759.918217681576 -0.48603112933015225
211.63831273626943 1759.4182271960806 -0.48471720304552135
211.6411034372436 1758.9182367105852 -0.48340327676089045
211.64229588301816 1758.418240152216 -0.48198211809609315
211.64348832879273 1757.9182435938467 -0.48056095943129584
211.64488514454126 1757.4182489140535 -0.4787254528932119
211.6462819602898 1756.9182542342603 -0.47688994635512794
211.64952243895948 1756.4182652039929 -0.4762051761854763
211.65276291762916 1755.9182761737254 -0.4755204060158247
211.65600339629884 1755.418287143458 -0.47483563584617305
211.65924387496852 1754.9182981131905 -0.4741508656765214
211.66099245587372 1754.4183017198477 -0.47340984676623055
211.662625598594 1753.918304723577 -0.47282970450894757
211.66425874131426 1753.4183077273062 -0.4722495622516646
211.6654343784977 1752.918309405678 -0.4717052772163892
211.66661001568116 1752.4183110840497 -0.47116099218111385
211.66830416481787 1751.9183151487248 -0.4700680524278601
211.66982532950783 1751.4183179545835 -0.46936669030951983
211.6713464941978 1750.9183207604422 -0.46866532819117956
211.67286765888775 1750.4183235663008 -0.4679639660728393
211.67438882357771 1749.9183263721595 -0.46726260395449903
211.67612628830227 1749.418329768342 -0.4666482854462194
211.67786375302683 1748.9183331645243 -0.46603396693793975
211.679647931584 1748.4183377232355 -0.4648611935658188
211.68363391353762 1747.918354834437 -0.46375536506968407
211.68761989549125 1747.4183719456385 -0.46264953657354935
211.69185567305692 1746.9183903448845 -0.46197344780987437
211.6960914506226 1746.4184087441306 -0.4612973590461994
211.6978646659412 1745.9184120421999 -0.4609052292003525
211.69963788125983 1745.4184153402691 -0.4605130993545056
211.70141109657845 1744.9184186383384 -0.46012096950865866
211.7025825082883 1744.4184209624614 -0.4591453096645247
211.70375391999812 1743.9184232865844 -0.45816964982039077
211.7067129084703 1743.4184320471827 -0.4580995868562262
211.7096718969425 1742.918440807781 -0.45802952389206164
211.71312047348624 1742.4184528305873 -0.4583900533556097
211.71656905003 1741.9184648533935 -0.4587505828191577
211.71940631539485 1741.4184729051947 -0.45879134441664937
211.7222435807597 1740.9184809569958 -0.45883210601414104
211.72508084612457 1740.418489008797 -0.4588728676116327
211.72791811148943 1739.9184970605982 -0.4589136292091244
211.7307553768543 1739.4185051123993 -0.45895439080661604
211.73359264221915 1738.9185131642005 -0.4589951524041077
211.73739530946375 1738.4185278937148 -0.45951382289091924
211.74124335443616 1737.918542994219 -0.46005495696437215
211.74509139940858 1737.4185580947233 -0.46059609103782506
211.7477782467446 1736.9185653200277 -0.4606742168020257
211.7504650940806 1736.4185725453322 -0.4607523425662263
211.7531519414166 1735.9185797706366 -0.46083046833042696
211.7558387887526 1735.418586995941 -0.4609085940946276
211.75852563608862 1734.9185942212455 -0.4609867198588282
211.76108768876384 1734.4186009011069 -0.4606465687356758
211.76364974143905 1733.9186075809682 -0.46030641761252333
211.76632379875502 1733.4186147413354 -0.460207760100394
211.768997856071 1732.9186219017026 -0.46010910258826465
211.77167191338697 1732.4186290620698 -0.4600104450761353
211.77452150022293 1731.9186383576487 -0.45892631078242374
211.77734178840478 1731.4186463640192 -0.4586976603008125
211.78016207658663 1730.9186543703897 -0.45846900981920125
211.7829823647685 1730.4186623767603 -0.45824035933759
211.78580265295034 1729.9186703831308 -0.45801170885597875
211.78811240853736 1729.4186757181797 -0.45800467587189686
211.79001638384386 1728.9186799634997 -0.4572171607279438
211.79192035915037 1728.4186842088197 -0.4564296455839908
211.79467898051394 1727.9186921972398 -0.45704475886158114
211.7974376018775 1727.4187001856599 -0.4576598721391715
211.79998747299794 1726.9187069623056 -0.4581840448068176
211.80253734411838 1726.4187137389513 -0.4587082174744638
211.8055921275634 1725.918724002184 -0.45967332140971584
211.8086469110084 1725.4187342654168 -0.4606384253449679
211.8117016944534 1724.9187445286495 -0.46160352928021997
211.81511998177393 1724.4187565477596 -0.4621816965349552
211.81853826909446 1723.9187685668696 -0.4627598637896905
211.82086488635866 1723.4187746395703 -0.4635719696228575
211.82319150362287 1722.918780712271 -0.46438407545602456
211.82569576488174 1722.4187876948913 -0.4652274301728343
211.82820002614062 1721.9187946775116 -0.46607078488964404
211.8307042873995 1721.418801660132 -0.4669141396064538
211.83379116815127 1720.918811579027 -0.46753861060912993
211.83687804890303 1720.4188214979222 -0.4681630816118061
211.8399649296548 1719.9188314168173 -0.46878755261448224
211.84305181040656 1719.4188413357124 -0.4694120236171584
211.846098227026 1718.918850656909 -0.46961315901861034
211.84914464364545 1718.4188599781055 -0.4698142944200623
211.85252439730743 1717.9188715675793 -0.470222466890316
211.85590415096942 1717.4188831570532 -0.4706306393605697
211.85864020127042 1716.9188907799555 -0.4702606760225527
211.86137625157141 1716.4188984028578 -0.46989071268453575
211.8641123018724 1715.9189060257602 -0.4695207493465188
211.8668483521734 1715.4189136486625 -0.4691507860085018
211.8695325788358 1714.9189212196063 -0.46854596062487397
211.87233079755924 1714.4189293891116 -0.467963371159428
211.8751290162827 1713.9189375586168 -0.467380781693982
211.8775521039438 1713.4189437592026 -0.4668070276482841
211.8799751916049 1712.9189499597885 -0.46623327360258615
211.88261817702903 1712.4189572415153 -0.4656889374922192
211.88526116245316 1711.918964523242 -0.4651446013818522
211.8881083750556 1711.418973026355 -0.4645149816677231
211.89095558765803 1710.9189815294678 -0.463885361953594
211.89380280026046 1710.4189900325807 -0.46325574223946486
211.89342832738726 1709.918990185672 -0.4631423341415549
211.89305385451405 1709.4189903387635 -0.463028926043645
211.8925328669792 1708.918990849491 -0.4625397438809604
211.89201187944434 1708.4189913602183 -0.46205056171827585
211.89541781980188 1707.919002961599 -0.4620219880974298
211.8994096927887 1707.4190190643908 -0.46243123422631716
211.90340156577554 1706.9190351671825 -0.46284048035520453
211.905450660773 1706.4190393669505 -0.46287146600319495
211.90749975577046 1705.9190435667185 -0.4629024516511854
211.90954885076792 1705.4190477664865 -0.4629334372991758
211.91159794576538 1704.9190519662545 -0.4629644229471662
211.91364704076284 1704.4190561660225 -0.46299540859515664
211.91513202556428 1703.9190583712118 -0.46299752214119316
211.9166170103657 1703.419060576401 -0.4629996356872297
211.91849806184473 1702.9190643024506 -0.4634328571880876
211.92037911332375 1702.4190680285 -0.46386607868894547
211.92363806583944 1701.9190789868858 -0.4644470210668846
211.92689701835513 1701.4190899452715 -0.4650279634448238
211.93015597087083 1700.9191009036572 -0.46560890582276293
211.93341492338652 1700.4191118620429 -0.4661898482007021
211.93667387590222 1699.9191228204286 -0.46677079057864124
211.940378576561 1699.419136847205 -0.4673201288777784
211.94408327721976 1698.9191508739814 -0.4678694671769156
211.9478688921174 1698.419165500726 -0.46841320474338044
211.95165450701506 1697.9191801274706 -0.4689569423098453
211.95508742508412 1697.4191919131022 -0.46898073798092155
211.95850677149554 1696.9192036052275 -0.4689884093165426
211.96192611790696 1696.4192152973528 -0.4689960806521637
211.9651192845762 1695.9192257350178 -0.469487245158556
211.96831245124542 1695.4192361726828 -0.4699784096649483
211.97150561791466 1694.9192466103477 -0.4704695741713406
211.9746987845839 1694.4192570480127 -0.4709607386777329
211.97789195125313 1693.9192674856777 -0.4714519031841252
211.98108511792236 1693.4192779233426 -0.4719430676905175
211.9842782845916 1692.9192883610076 -0.47243423219690983
211.98747145126083 1692.4192987986726 -0.47292539670330214
211.9907757798493 1691.9193097194166 -0.4729705325107617
211.99387442362809 1691.4193193214198 -0.47298835951288776
211.9973812686477 1690.919331619639 -0.47299865549533304
212.0019130312245 1690.4193524367201 -0.473527593825133
212.00669421019688 1689.919376061763 -0.4744021293046914
212.01011947676318 1689.4193882332634 -0.475064625549532
212.01354474332948 1688.9194004047638 -0.4757271217943726
212.01700460956113 1688.4194127284713 -0.47632115986257695
212.02046447579278 1687.919425052179 -0.4769151979307813
212.0232836613245 1687.4194330019452 -0.47695874235905256
212.02606962386574 1686.9194407638176 -0.47697374053634745
212.02885558640696 1686.41944852569 -0.47698873871364234
212.03242058542742 1685.9194612851438 -0.47721250875215415
212.03598558444787 1685.4194740445976 -0.47743627879066597
212.03955058346833 1684.9194868040513 -0.4776600488291778
212.04311558248878 1684.419499563505 -0.4778838188676896
212.04649471761127 1683.9195109846742 -0.47793366377623325
212.04987385273375 1683.4195224058433 -0.4779835086847769
212.05305049889023 1682.9195331249812 -0.47877593678575703
212.0562271450467 1682.419543844119 -0.47956836488673715
212.05937804115968 1681.9195540391818 -0.4800849038540411
212.06252893727265 1681.4195642342445 -0.4806014428213451
212.0658549141533 1680.9195760125544 -0.48144763967026216
212.06918089103397 1680.4195877908644 -0.48229383651917923
212.07237914582663 1679.9195988030333 -0.4831788302410277
212.0755774006193 1679.4196098152022 -0.48406382396287617
212.07877565541196 1678.919620827371 -0.48494881768472464
212.0827079210784 1678.4196362907942 -0.48497051216507514
212.08664018674483 1677.9196517542173 -0.48499220664542564
212.0905915540411 1677.4196673677723 -0.48499499234854715
212.0945429213374 1676.9196829813272 -0.48499777805166866
212.0979178970864 1676.419694498758 -0.484641636552932
212.10129287283542 1675.9197060161887 -0.4842854950541954
212.10466784858443 1675.4197175336194 -0.48392935355545874
212.10804282433344 1674.9197290510501 -0.4835732120567221
212.11141780008245 1674.4197405684808 -0.48321707055798546
212.11479277583146 1673.9197520859116 -0.4828609290592488
212.11816775158047 1673.4197636033423 -0.4825047875605122
212.12154272732948 1672.919775120773 -0.48214864606177554
212.12492046704915 1672.4197867426442 -0.48168754911426814
212.12829820676882 1671.9197983645154 -0.48122645216676074
212.13188125544002 1671.419811252151 -0.48100456986918616
212.13448560089546 1670.9198184462464 -0.48036314311283046
212.13747523446057 1670.4198274053033 -0.4802179958156708
212.14046486802567 1669.9198363643602 -0.4800728485185112
212.14345697637668 1669.4198453210108 -0.48001073649880954
212.14655050019712 1668.9198551218687 -0.4795302448324742
212.14964402401756 1668.4198649227267 -0.47904975316613885
212.15225470317148 1667.9198719564492 -0.47951668734448605
212.1548653823254 1667.4198789901718 -0.47998362152283325
212.15697778036395 1666.919883709624 -0.479476468269008
212.15908212934164 1666.4198884746238 -0.47889621615132016
212.16118647831934 1665.9198932396237 -0.4783159640336323
212.16329082729703 1665.4198980046235 -0.47773571191594444
212.16539517627473 1664.9199027696234 -0.4771554597982566
212.16749836991585 1664.4199071981957 -0.4770838418266886
212.16960156355697 1663.919911626768 -0.47701222385512065
212.17170663836566 1663.4199162969949 -0.4765234855524708
212.17381171317436 1662.9199209672217 -0.476034747249821
212.17698739036553 1662.4199315986903 -0.4767739561695161
212.18021575015075 1661.9199426545222 -0.47756982228875844
212.18378487627274 1661.4199575589278 -0.4790413936454804
212.18735400239473 1660.9199724633334 -0.4805129650022023
212.19092312851672 1660.419987367739 -0.48198453635892424
212.19291700077815 1659.9199952808874 -0.48396886477650325
212.1949108730396 1659.4200031940359 -0.48595319319408226
212.19653000466735 1658.9200064857564 -0.4867718032367869
212.19814913629511 1658.420009777477 -0.4875904132794916
212.20051601596583 1657.9200154202047 -0.4877918492425568
212.20288289563655 1657.4200210629324 -0.487993285205622
212.20548549605303 1656.920028238556 -0.4873592165353011
212.2083551527952 1656.420036481613 -0.4872694428393538
212.21122480953738 1655.9200447246699 -0.4871796691434065
212.21409446627956 1655.4200529677269 -0.4870898954474592
212.21720513970115 1654.9200628296762 -0.4866591251923378
212.22031581312274 1654.4200726916256 -0.4862283549372164
212.22370661547473 1653.9200844044608 -0.4866922055498284
212.2266208982959 1653.4200929268013 -0.48686315422174276
212.22965439417317 1652.920102130968 -0.48690770415519713
212.23268789005044 1652.4201113351346 -0.4869522540886515
212.23572138592772 1651.9201205393013 -0.4869968040221059
212.23834976800174 1651.4201274868494 -0.48679904738886093
212.24097815007576 1650.9201344343976 -0.486601290755616
212.24360653214978 1650.4201413819458 -0.48640353412237103
212.2462349142238 1649.920148329494 -0.4862057774891261
212.24886329629783 1649.420155277042 -0.48600802085588113
212.2525391429392 1648.920168949892 -0.4864090376809662
212.2562149895806 1648.420182622742 -0.4868100545060513
212.2596048207057 1647.9201941264346 -0.4869223269578472
212.26292377563993 1647.4202054587504 -0.4874851107852375
212.26581560678278 1646.9202141391552 -0.48804870830327063
212.26870743792563 1646.42022281956 -0.48861230582130377
212.27159926906847 1645.9202314999648 -0.4891759033393369
212.27449110021132 1645.4202401803695 -0.48973950085737006
212.27738293135417 1644.9202488607743 -0.4903030983754032
212.28027476249702 1644.4202575411791 -0.49086669589343634
212.28292654987717 1643.9202652900867 -0.4917133783986267
212.28557833725733 1643.4202730389943 -0.4925600609038171
212.28820800617825 1642.9202807098184 -0.4934293172277092
212.29083767509917 1642.4202883806424 -0.49429857355160134
212.29300113491286 1641.920293114878 -0.4940669387906108
212.29516459472654 1641.4202978491135 -0.4938353040296203
212.29732805454023 1640.920302583349 -0.49360366926862975
212.29949151435392 1640.4203073175845 -0.4933720345076392
212.3016549741676 1639.92031205182 -0.4931403997466487
212.30338991671522 1639.4203150650212 -0.4930841276408354
212.30512485926283 1638.9203180782224 -0.49302785553502215
212.3067503154865 1638.4203209104462 -0.49259184207624995
212.3083757717102 1637.92032374267 -0.49215582861747775
212.3101557975973 1637.4203269148613 -0.4920950914969442
212.31193582348442 1636.9203300870527 -0.49203435437641063
212.31373700469442 1636.4203334514236 -0.49238091733186984
212.31553818590442 1635.9203368157946 -0.49272748028732904
212.31801071472478 1635.4203432044187 -0.4932520606264922
212.32048324354514 1634.9203495930428 -0.4937766409656553
212.3229557723655 1634.420355981667 -0.49430122130481846
212.32542830118587 1633.920362370291 -0.4948258016439816
212.32790083000623 1633.4203687589152 -0.49535038198314474
212.3303733588266 1632.9203751475393 -0.4958749623223079
212.3330670008022 1632.4203824058798 -0.4959257635915105
212.3357606427778 1631.9203896642202 -0.4959765648607132
212.33853904235207 1631.4203975944715 -0.4964355684327306
212.34131744192632 1630.9204055247228 -0.49689457200474807
212.34312111440204 1630.420409077774 -0.4974421156764586
212.34492478687775 1629.920412630825 -0.4979896593481691
212.3464951276295 1629.4204157097186 -0.498772547563175
212.34806546838126 1628.920418788612 -0.49955543577818096
212.35101414388635 1628.4204277746867 -0.5000951639915291
212.35396281939143 1627.9204367607613 -0.5006348922048772
212.35755466485978 1627.4204499027899 -0.5011253023226232
212.36114651032813 1626.9204630448185 -0.5016157124403692
212.36480050314003 1626.4204765425773 -0.5019976983467903
212.36845449595194 1625.920490040336 -0.5023796842532114
212.37210848876384 1625.4205035380949 -0.5027616701596326
212.37576248157575 1624.9205170358537 -0.5031436560660537
212.37941647438765 1624.4205305336125 -0.5035256419724748
212.38307046719956 1623.9205440313713 -0.503907627878896
212.3854375396296 1623.4205499142092 -0.5044365621776759
212.38780461205965 1622.9205557970472 -0.5049654964764557
212.39000590493185 1622.4205609429187 -0.5055133602727789
212.3924605268552 1621.9205673442848 -0.5061266761134753
212.39491514877852 1621.420573745651 -0.5067399919541716
212.39712790242208 1620.9205786960852 -0.5065073310573225
212.39934065606565 1620.4205836465194 -0.5062746701604733
212.4015534097092 1619.9205885969536 -0.5060420092636242
212.40583582177044 1619.4206069369504 -0.5060173628921136
212.41028877133465 1618.920626766166 -0.5060094566865735
212.41474172089886 1618.4206465953814 -0.5060015504810333
212.41936553287837 1617.9206679754768 -0.5060004664782175
212.42363805041418 1617.4206862302162 -0.5060000696277207
212.42791056795 1616.9207044849556 -0.5059996727772239
212.430991799715 1616.420715030863 -0.5049740963904418
212.43407303148 1615.9207255767703 -0.5039485200036596
212.43715426324502 1615.4207361226777 -0.5029229436168775
212.44023549501003 1614.920746668585 -0.5018973672300954
212.44331672677504 1614.4207572144924 -0.5008717908433132
212.44639795854005 1613.9207677603997 -0.4998462144565311
212.44947919030506 1613.420778306307 -0.49882063806974897
212.45256042207006 1612.9207888522144 -0.49779506168296683
212.45564165383507 1612.4207993981217 -0.4967694852961847
212.45872288560008 1611.920809944029 -0.49574390890940256
212.4595095043145 1611.4208113913644 -0.4948336538329732
212.4602961230289 1610.9208128386997 -0.4939233987565438
212.46108274174333 1610.420814286035 -0.4930131436801144
212.46186936045774 1609.9208157333703 -0.492102888603685
212.4640130358673 1609.4208203316757 -0.4920486660077701
212.46621378921418 1608.9208253256797 -0.49166051156448065
212.46841454256105 1608.4208303196838 -0.4912723571211912
212.47119021526942 1607.9208380374469 -0.49115683905010776
212.47396588797778 1607.42084575521 -0.4910413209790243
212.47644284788396 1606.920852157175 -0.49052499392163607
212.47891980779013 1606.42085855914 -0.4900086668642478
212.48138290839108 1605.9208647508217 -0.48965542632823433
212.48384600899203 1605.4208709425034 -0.48930218579222085
212.4862757710756 1604.9208771143099 -0.4887844749556882
212.4887055331592 1604.4208832861164 -0.4882667641191556
212.4910735980901 1603.9208891781257 -0.4887999086896859
212.49195875035366 1603.733997800853 -0.48899919128417935
212.4947835640528 1603.2340057804893 -0.48899919128417935
212.49757184942723 1602.7340138461623 -0.48953870274400624
212.50058884716293 1602.2340239585171 -0.4905436789855505
212.50372801487765 1601.7340361322083 -0.4920665607841793
212.50686718259237 1601.2340483058995 -0.4935894425828081
212.5100063503071 1600.7340604795907 -0.49511232438143693
212.51314551802182 1600.2340726532818 -0.49663520618006574
212.5159133143361 1599.7340814312158 -0.4976921643155702
212.5186811106504 1599.2340902091498 -0.4987491224510746
212.52144890696468 1598.7340989870838 -0.49980608058657905
212.5242341350728 1598.234107974242 -0.5009149456758201
212.5273678866414 1597.7341186076383 -0.5018165465885233
212.53050163821 1597.2341292410345 -0.5027181475012265
212.53363538977862 1596.7341398744306 -0.5036197484139296
212.5367117067807 1596.2341494624611 -0.5039721858427212
212.54019544559833 1595.7341616393062 -0.5037715350412986
212.54367918441596 1595.2341738161513 -0.503570884239876
212.5471629232336 1594.7341859929963 -0.5033702334384533
212.55064666205124 1594.2341981698414 -0.5031695826370307
212.55413040086887 1593.7342103466865 -0.5029689318356081
212.5576141396865 1593.2342225235316 -0.5027682810341855
212.56109787850414 1592.7342347003766 -0.5025676302327629
212.56458161732178 1592.2342468772217 -0.5023669794313402
212.5680653561394 1591.7342590540668 -0.5021663286299176
212.5701335546372 1591.2342633334367 -0.5021226638439561
212.572201753135 1590.7342676128067 -0.5020789990579946
212.5742699516328 1590.2342718921766 -0.5020353342720331
212.57635179882584 1589.7342763697757 -0.5016565317583561
212.57843364601888 1589.2342808473747 -0.5012777292446792
212.58210096568519 1588.7342943045865 -0.5011894278737777
212.5857682853515 1588.2343077617982 -0.5011011265028763
212.5894356050178 1587.7343212190099 -0.5010128251319749
212.59386346885333 1587.2343408254067 -0.5010069684027336
212.59829133268886 1586.7343604318035 -0.5010011116734924
212.60108550923962 1586.234368261707 -0.5008513797549552
212.6038796857904 1585.7343760916106 -0.500701647836418
212.60667386234115 1585.234383921514 -0.5005519159178808
212.60946803889192 1584.7343917514177 -0.5004021839993437
212.61226221544268 1584.2343995813212 -0.5002524520808065
212.61505639199345 1583.7344074112248 -0.5001027201622693
212.6174573356194 1583.2344131770458 -0.5000672602670152
212.61985827924536 1582.7344189428668 -0.5000318003717611
212.62247104104745 1582.2344259414715 -0.5004465671259264
212.62508380284953 1581.7344329400762 -0.5008613338800917
212.62822953001296 1581.2344429267096 -0.5011628867455169
212.6313752571764 1580.734452913343 -0.5014644396109421
212.63452098433982 1580.2344628999763 -0.5017659924763673
212.63705344846846 1579.7344693813743 -0.5015052598010964
212.6395859125971 1579.2344758627723 -0.5012445271258255
212.64206532261005 1578.734482022994 -0.5011317905405264
212.644544732623 1578.2344881832155 -0.5010190539552273
212.64670773779983 1577.7344934876407 -0.501810132862657
212.64887074297667 1577.234498792066 -0.5026012117700867
212.65138507768097 1576.7345054365198 -0.5020332938957951
212.65389941238527 1576.2345120809737 -0.5014653760215035
212.6558403573256 1575.7345167560977 -0.5005125723589033
212.6577813022659 1575.2345214312218 -0.49955976869630314
212.65972224720622 1574.7345261063458 -0.49860696503370294
212.66192516228682 1574.2345309864625 -0.4987720647205701
212.66412807736742 1573.734535866579 -0.4989371644074373
212.6658659322086 1573.2345392199181 -0.49835993976462056
212.66760378704976 1572.7345425732572 -0.49778271512180383
212.66934164189092 1572.2345459265962 -0.4972054904789871
212.67148093625576 1571.7345510117468 -0.4964923675168378
212.6736202306206 1571.2345560968974 -0.49577924455468847
212.67575952498544 1570.734561182048 -0.49506612159253915
212.6790429138092 1570.2345726468445 -0.4942390648521351
212.682326302633 1569.734584111641 -0.493412008111731
212.68566543833037 1569.2345961320902 -0.49247901427479757
212.68900457402776 1568.7346081525395 -0.4915460204378641
212.69210625815276 1568.234618709306 -0.4905784406368813
212.69595529353023 1567.7346348748515 -0.48941645491165986
212.6998043289077 1567.234651040397 -0.48825446918643844
212.70365336428517 1566.7346672059425 -0.48709248346121703
212.707662322151 1566.2346839584081 -0.4862675944436252
212.71063396020372 1565.7346938364456 -0.48524421417587427
212.71360559825644 1565.234703714483 -0.4842208339081233
212.71657723630915 1564.7347135925204 -0.48319745364037237
212.71954887436186 1564.2347234705578 -0.4821740733726214
212.72252051241458 1563.7347333485952 -0.48115069310487046
212.72498786335336 1563.234741816586 -0.47960793634743626
212.7269514707998 1562.7347457298615 -0.47936813199606765
212.72891507824625 1562.234749643137 -0.47912832764469904
212.73108318928064 1561.7347543459555 -0.47908260333024544
212.73325130031503 1561.2347590487739 -0.47903687901579184
212.73705393324587 1560.7347739865752 -0.4783458212234788
212.74085656617672 1560.2347889243765 -0.47765476343116575
212.74465919910756 1559.7348038621778 -0.4769637056388527
212.7484618320384 1559.2348187999792 -0.47627264784653967
212.7514974060116 1558.7348280269068 -0.47616249727626103
212.7545329799848 1558.2348372538345 -0.4760523467059824
212.757840568888 1557.7348481944282 -0.4760341919509895
212.76114815779124 1557.234859135022 -0.4760160371959966
212.76411992769238 1556.734868163362 -0.4755723681035189
212.76709169759351 1556.2348771917023 -0.47512869901104116
212.76999887966838 1555.7348856813414 -0.47493412383984335
212.77290606174324 1555.2348941709806 -0.47473954866864554
212.7758132438181 1554.7349026606198 -0.47454497349744773
212.77872042589297 1554.234911150259 -0.4743503983262499
212.78162760796783 1553.7349196398982 -0.4741558231550521
212.78444661282583 1553.2349275915758 -0.47408635303132995
212.78726561768383 1552.7349355432534 -0.4740168829076078
212.79019104393774 1552.2349448778718 -0.47313574011002324
212.79311647019165 1551.7349542124903 -0.4722545973124387
212.79612780929256 1551.234964248288 -0.4712709643704863
212.7981616100867 1550.7349692182606 -0.47035794608649795
212.79985868473455 1550.234972109306 -0.470253186586139
212.80155575938238 1549.7349750003514 -0.4701484270857801
212.80325283403022 1549.2349778913967 -0.47004366758542115
212.80499927981737 1548.7349818696905 -0.4690802336318619
212.80674572560451 1548.2349858479843 -0.46811679967830266
212.80944735611365 1547.7349940460606 -0.4690650621661625
212.8121489866228 1547.235002244137 -0.47001332465402235
212.81485061713192 1546.7350104422133 -0.4709615871418822
212.81768090147898 1546.23502197377 -0.47283799708120544
212.82051118582604 1545.7350335053268 -0.4747144070205287
212.8233414701731 1545.2350450368835 -0.47659081695985195
212.82734922864438 1544.735064050649 -0.4783087448128136
212.83135698711567 1544.2350830644145 -0.48002667266577526
212.83536474558696 1543.73510207818 -0.4817446005187369
212.83975638875359 1543.23512318571 -0.4830938799041009
212.8441480319202 1542.7351442932402 -0.4844431592894649
212.8468039768619 1542.2351517163233 -0.48505060033738345
212.8494599218036 1541.7351591394065 -0.485658041385302
212.85154264464097 1541.2351640403547 -0.4864085010351745
212.85362536747834 1540.7351689413028 -0.48715896068504705
212.85570809031572 1540.235173842251 -0.4879094203349196
212.85669941408798 1539.7351756733212 -0.48883047629915144
212.85769073786025 1539.2351775043915 -0.4897515322633833
212.85820569717316 1538.7351777798017 -0.48985266165795316
212.85872065648607 1538.235178055212 -0.489953791052523
212.8598561435707 1537.735180265194 -0.49091329418507734
212.8610483675153 1537.235181687704 -0.4909466121748939
212.8622405914599 1536.735183110214 -0.4909799301647104
212.86354320746364 1536.2351848070748 -0.49098696140552167
212.86484582346736 1535.7351865039357 -0.4909939926463329
212.8682147303042 1535.2351979929217 -0.491367249545249
212.87158363714104 1534.7352094819078 -0.4917405064441651
212.87495254397788 1534.2352209708938 -0.4921137633430812
212.87832145081472 1533.7352324598799 -0.4924870202419973
212.88169035765156 1533.235243948866 -0.4928602771409134
212.88523527644622 1532.7352565183621 -0.4929140267894636
212.88878019524088 1532.2352690878583 -0.4929677764380138
212.89268807672 1531.735284497848 -0.4925960044730171
212.8965959581991 1531.2352999078375 -0.4922242325080204
212.9000543911818 1530.7353124920646 -0.4914347327226123
212.90300055913735 1530.2353212402484 -0.49117357842466813
212.9060455900036 1529.7353305652143 -0.49140306936503786
212.90909062086985 1529.2353398901803 -0.4916325603054076
212.9121356517361 1528.7353492151462 -0.4918620512457773
212.915071676058 1528.2353581108443 -0.4913372844462536
212.91783445311637 1527.7353657976419 -0.4915692357107856
212.92059723017474 1527.2353734844394 -0.4918011869753176
212.9234779809725 1526.735382157043 -0.492412581552396
212.92635873177028 1526.2353908296466 -0.49302397612947435
212.92923948256805 1525.7353995022502 -0.4936353707065527
212.93202631852319 1525.235407736044 -0.4943189431345387
212.93481315447832 1524.7354159698377 -0.4950025155625247
212.93759999043345 1524.2354242036315 -0.4956860879905107
212.9403868263886 1523.7354324374253 -0.4963696604184967
212.9432730191637 1523.2354409657057 -0.49681474353145905
212.94615921193883 1522.7354494939862 -0.49725982664442137
212.94904540471396 1522.2354580222666 -0.4977049097573837
212.95163403441336 1521.7354652873673 -0.4984559384884264
212.95422266411276 1521.235472552468 -0.4992069672194691
212.95681129381217 1520.7354798175688 -0.4999579959505118
212.95959293467342 1520.2354880410485 -0.50065505129617
212.96237457553468 1519.7354962645281 -0.5013521066418283
212.96474893834625 1519.2355022549318 -0.5019460502767972
212.9671233011578 1518.7355082453355 -0.5025399939117661
212.96988850345463 1518.2355160013124 -0.5028710121519346
212.97241875750615 1517.7355225354522 -0.5025078158295423
212.97494901155767 1517.235529069592 -0.50214461950715
212.97721606842458 1516.73553457736 -0.5015378321461997
212.9794831252915 1516.2355400851282 -0.5009310447852495
212.9817501821584 1515.7355455928962 -0.5003242574242993
212.98467052966373 1515.2355541717834 -0.5000997937040321
212.9869691304841 1514.7355596251823 -0.49968772155359653
212.9892677313045 1514.2355650785812 -0.49927564940316094
212.99156633212488 1513.73557053198 -0.49886357725272534
212.99386493294526 1513.235575985379 -0.49845150510228975
212.99616353376564 1512.735581438778 -0.49803943295185416
212.99846213458602 1512.2355868921768 -0.49762736080141856
213.0007607354064 1511.7355923455757 -0.49721528865098297
213.00299835640965 1511.2355980766074 -0.4963643767902469
213.00511346108863 1510.7356035664804 -0.4953563216668394
213.0072285657676 1510.2356090563535 -0.4943482665434319
213.00843169945767 1509.73561085648 -0.49375447154609975
213.00963483314774 1509.2356126566065 -0.4931606765487676
213.01097878400503 1508.7356160954014 -0.49188295232853707
213.01232273486232 1508.2356195341963 -0.49060522810830653
213.01394265279657 1507.7356231324347 -0.48961826745965087
213.01753668875574 1507.2356372204058 -0.4885362886718181
213.0211307247149 1506.7356513083769 -0.4874543098839853
213.02472476067408 1506.235665396348 -0.4863723310961525
213.02861947361373 1505.735680688559 -0.4860213491833626
213.03251418655339 1505.2356959807698 -0.48567036727057267
213.03640889949304 1504.7357112729808 -0.48531938535778274
213.03905174224917 1504.2357183909621 -0.4849542649115056
213.0416945850053 1503.7357255089435 -0.4845891444652285
213.04433742776143 1503.2357326269248 -0.48422402401895137
213.04651497277519 1502.7357381114014 -0.48336219796052016
213.04869251778894 1502.235743595878 -0.48250037190208894
213.04995875578607 1501.944997801911 -0.48199922180175747
213.05384213198647 1501.445013118132 -0.48151406642885586
213.05772550818688 1500.945028434353 -0.48102891105595424
213.06175725295077 1500.4450448913158 -0.4805797716460487
213.06578899771466 1499.9450613482786 -0.48013063223614316
213.06824126745266 1499.4450673657625 -0.4800688189641452
213.07069353719066 1498.9450733832464 -0.48000700569214727
213.07342420327916 1498.4450811121246 -0.4794851999284998
213.07583707990057 1497.9450872350853 -0.47893661107743346
213.07824995652197 1497.445093358046 -0.4783880222263671
213.08017658509573 1496.9450973489147 -0.47785986030587346
213.08210321366948 1496.4451013397834 -0.4773316983853798
213.08402984224324 1495.945105330652 -0.47680353646488616
213.085956470817 1495.4451093215207 -0.4762753745443925
213.08774329449932 1494.9451130910988 -0.4755158845411117
213.08937198859553 1494.4451160868634 -0.474930127680271
213.09100068269174 1493.945119082628 -0.47434437081943026
213.0921856891407 1493.4451207767622 -0.4738059554686943
213.09337069558967 1492.9451224708964 -0.47326754011795835
213.09491976943139 1492.4451251695746 -0.4727206935445615
213.0964688432731 1491.9451278682527 -0.4721738469711646
213.09776191864728 1491.4451299322172 -0.47154781483041164
213.09905499402146 1490.9451319961818 -0.4709217826896587
213.10034806939564 1490.4451340601463 -0.4702957505489057
213.10322689716838 1489.9451426659607 -0.4697317550399329
213.10610572494113 1489.445151271775 -0.4691677595309601
213.10933470329303 1488.9451620013049 -0.4686172022119369
213.11256368164493 1488.4451727308347 -0.4680666448929137
213.11544200268634 1487.9451813395774 -0.4674974905451661
213.11830181037283 1487.445189842579 -0.4669279035843845
213.12116161805932 1486.9451983455808 -0.46635831662360294
213.12426501892162 1486.4452080419676 -0.46661365128789856
213.12736841978392 1485.9452177383544 -0.46686898595219417
213.13011283451533 1485.4452252716253 -0.4669064295009423
213.13285724924674 1484.9452328048962 -0.4669438730496904
213.13560166397815 1484.4452403381672 -0.46698131659843856
213.1382721290795 1483.9452474696625 -0.466989094547153
213.14094259418084 1483.4452546011578 -0.4669968724958674
213.14338647537897 1482.9452608094539 -0.4665113806324154
213.1458303565771 1482.44526701775 -0.46602588876896334
213.14879377448335 1481.94527579989 -0.4660111495116548
213.15153792458432 1481.445283523981 -0.4664512308496598
213.15428207468528 1480.9452912480722 -0.4668913121876648
213.15614155767287 1480.4452947066745 -0.4669215354403695
213.15800104066045 1479.9452981652769 -0.46695175869307426
213.15986052364804 1479.4453016238792 -0.466981981945779
213.16109143862673 1478.9453031391429 -0.46699245365374076
213.16144944777534 1478.4453032673227 -0.46699549933407425
213.16180745692395 1477.9453033955026 -0.46699854501440774
213.16141098180822 1477.4453037712522 -0.4674660456398645
213.16101450669248 1476.9453041470017 -0.46793354626532124
213.16054582867878 1476.4453045910657 -0.46840726003823907
213.16007715066507 1475.9453050351296 -0.4688809738111569
213.16245639365331 1475.4453108100902 -0.4692188051001863
213.16483563664156 1474.9453165850507 -0.46955663638921574
213.1672148796298 1474.4453223600112 -0.46989446767824516
213.16959164539082 1473.945328218157 -0.4703517378720665
213.17196841115185 1473.445334076303 -0.4708090080658879
213.17451024261072 1472.9453407930337 -0.47131475341952467
213.1770520740696 1472.4453475097644 -0.47182049877316146
213.17919405289842 1471.945353002953 -0.4727718583898738
213.18133603172726 1471.4453584961416 -0.4737232180065861
213.18426412628003 1470.9453671006454 -0.4738984096975678
213.18822542072894 1470.445383014235 -0.47436902907720613
213.19218671517785 1469.9453989278245 -0.47483964845684445
213.19614800962677 1469.445414841414 -0.4753102678364828
213.20010930407568 1468.9454307550036 -0.4757808872161211
213.2009829779422 1468.4454315290839 -0.4758846834909295
213.20185665180873 1467.9454323031641 -0.4759884797657379
213.20191437488018 1467.4454326335429 -0.47656035964907306
213.20193998700472 1466.9454326985838 -0.4768141013688194
213.20411282459133 1466.4454375747505 -0.47642050288735893
213.20628566217795 1465.9454424509172 -0.47602690440589845
213.20845849976456 1465.445447327084 -0.475633305924438
213.21063133735117 1464.9454522032506 -0.4752397074429775
213.21270201353775 1464.4454570863436 -0.47446810565931385
213.2142791833868 1463.9454596252483 -0.4742413162583139
213.21585635323584 1463.445462164153 -0.47401452685731393
213.2172386631213 1462.945464075031 -0.4740048451641128
213.21906552583835 1462.4454674124809 -0.47400145784162917
213.220535684889 1461.945469712696 -0.47362884264032235
213.22200584393966 1461.445472012911 -0.4732562274390155
213.2234760029903 1460.9454743131262 -0.4728836122377087
213.22494616204096 1460.4454766133413 -0.47251099703640187
213.22641632109162 1459.9454789135564 -0.47213838183509504
213.22855798634043 1459.4454837886142 -0.47160144228808953
213.23069965158925 1458.945488663672 -0.471064502741084
213.2324397042903 1458.4454916926675 -0.47102982001544536
213.23417579323836 1457.9454947069046 -0.4710148827785835
213.23591188218643 1457.4454977211417 -0.47099994554172164
213.23859492288466 1456.9455052024468 -0.4704683989635734
213.2409783073548 1456.4455112656767 -0.46984979443476904
213.24336169182493 1455.9455173289066 -0.4692311899059647
213.24574507629507 1455.4455233921365 -0.46861258537716033
213.2481284607652 1454.9455294553663 -0.467993980848356
213.25051184523534 1454.4455355185962 -0.4673753763195516
213.2520903912275 1453.945538720845 -0.4665325056251912
213.2536689372197 1453.4455419230937 -0.4656896349308308
213.25512906893778 1452.9455441485175 -0.4653839651100349
213.25658920065587 1452.4455463739412 -0.46507829528923894
213.2579920477774 1451.9455487497821 -0.46443965978308843
213.25937249001424 1451.4455510107798 -0.463843529107852
213.26075293225108 1450.9455532717775 -0.46324739843261553
213.26213337448792 1450.4455555327752 -0.4626512677573791
213.26351381672475 1449.9455577937729 -0.46205513708214263
213.2648942589616 1449.4455600547706 -0.4614590064069062
213.26737243753155 1448.945567205558 -0.4604543336770881
213.2698506161015 1448.4455743563456 -0.45944966094727
213.27272748056146 1447.9455839643854 -0.4582957118602653
213.2756043450214 1447.4455935724252 -0.4571417627732606
213.27826618366862 1446.9456008865543 -0.4566635466494139
213.28092802231583 1446.4456082006834 -0.4561853305255672
213.2835546976046 1445.9456154827324 -0.455566805826656
213.28588208580436 1445.4456215505636 -0.4547599238474316
213.28820947400413 1444.9456276183948 -0.4539530418682072
213.2905368622039 1444.445633686226 -0.45314615988898277
213.29272019874952 1443.9456387732323 -0.4525804552044763
213.29490353529513 1443.4456438602385 -0.45201475051996987
213.29695857160573 1442.945648348351 -0.4515000487576807
213.2997961731529 1442.4456566836238 -0.45096786368557484
213.3026337747001 1441.9456650188968 -0.450435678613469
213.3057571414339 1441.445675064474 -0.44989710955136275
213.3088805081677 1440.9456851100513 -0.4493585404892565
213.31256559207316 1440.4456987372835 -0.44914127776772894
213.31422375547243 1439.945701489633 -0.44908802277188176
213.3158819188717 1439.4457042419824 -0.44903476777603457
213.31805761224757 1438.9457089758662 -0.4490199464199911
213.32023330562345 1438.44571370975 -0.44900512506394763
213.322081756265 1437.9457173700196 -0.44949856842160796
213.32393020690654 1437.4457210302892 -0.4499920117792683
213.32585088615212 1436.9457247193247 -0.44999564569970696
213.3277715653977 1436.4457284083603 -0.44999927962014563
213.3309655169976 1435.9457386097913 -0.44999939066137373
213.33415946859748 1435.4457488112223 -0.44999950170260183
213.33735342019736 1434.9457590126533 -0.44999961274382994
213.34071033514306 1434.4457702816583 -0.4499996220329713
213.34406725008876 1433.9457815506632 -0.4499996313221126
213.3470224575998 1433.4457902839908 -0.4499996325595458
213.3503034661735 1432.9458011837814 -0.4496326795625738
213.3535844747472 1432.445812083572 -0.4492657265656018
213.35661209054388 1431.9458212619995 -0.4491567039546228
213.35963970634054 1431.445830440427 -0.4490476813436438
213.3622926098884 1430.945837478523 -0.44903547012078215
213.36494551343628 1430.4458445166188 -0.4490232588979205
213.36759841698415 1429.9458515547146 -0.44901104767505884
213.3703521183901 1429.4458591376656 -0.4490063438739118
213.37310581979602 1428.9458667206166 -0.4490016400727648
213.37591461373802 1428.4458749456046 -0.4484223327473754
213.37900399517957 1427.9458845392253 -0.4486442581698834
213.38209337662113 1427.445894132846 -0.4488661835923914
213.3848036939237 1426.9459014796566 -0.44889679206442223
213.38751401122624 1426.4459088264673 -0.4489274005364531
213.3902243285288 1425.945916173278 -0.4489580090084839
213.39293464583136 1425.4459235200886 -0.4489886174805148
213.39420216116457 1424.9459251267099 -0.4489934650529971
213.39546967649778 1424.4459267333311 -0.4489983126254794
213.3961216791388 1423.945927350663 -0.4494367461827169
213.3967736817798 1423.4459279679947 -0.4498751797399544
213.39753350494198 1422.9459285462078 -0.44990486916074857
213.39829332810416 1422.445929124421 -0.44993455858154274
213.39905315126634 1421.945929702634 -0.4499642480023369
213.39981297442853 1421.445930280847 -0.4499939374231311
213.40254734060045 1420.9459377576704 -0.4499969643569838
213.405426764985 1420.4459462004088 -0.4503863000011772
213.40830618936957 1419.9459546431472 -0.4507756356453706
213.41136631134032 1419.445964325007 -0.4513390357253405
213.41442643331106 1418.945974006867 -0.4519024358053104
213.41573169942137 1418.4459757175591 -0.451985919908522
213.4175467253782 1417.945979337132 -0.45255621863227213
213.42054458422126 1417.4459883493714 -0.45271433424080043
213.42354244306432 1416.9459973616108 -0.45287244984932873
213.42651006246683 1416.4460062629944 -0.45256497732082424
213.42947768186934 1415.946015164378 -0.45225750479231974
213.43299308043424 1415.4460276442587 -0.4526063571201805
213.43650847899914 1414.9460401241395 -0.45295520944804124
213.43843347278528 1414.446043894705 -0.4532100631059889
213.4403584665714 1413.9460476652707 -0.4534649167639365
213.44228346035754 1413.4460514358364 -0.45371977042188416
213.44420845414368 1412.946055206402 -0.4539746240798318
213.4461334479298 1412.4460589769676 -0.45422947773777944
213.44805844171594 1411.9460627475332 -0.4544843313957271
213.44998343550208 1411.4460665180989 -0.4547391850536747
213.4519084292882 1410.9460702886645 -0.45499403871162236
213.45345918250996 1410.4460726935313 -0.45499907837124165
213.4560050727058 1409.946079389893 -0.4554625003147953
213.45855096290165 1409.4460860862546 -0.45592592225834894
213.46125728739594 1408.94609369922 -0.45646324447502273
213.46387662522636 1408.446101304827 -0.45732615720127767
213.4664959630568 1407.9461089104338 -0.4581890699275326
213.46724221807835 1407.44611014207 -0.4590104943963761
213.46798847309992 1406.9461113737061 -0.45983191886521957
213.4687347281215 1406.4461126053423 -0.46065334333406305
213.46948098314306 1405.9461138369784 -0.4614747678029065
213.47131889136915 1405.4461178647102 -0.4622808750475278
213.47411913678798 1404.9461261029962 -0.46291083036962866
213.4769193822068 1404.4461343412822 -0.4635407856917295
213.47965385076452 1403.9461421403748 -0.4641079836051988
213.48238831932224 1403.4461499394674 -0.46467518151866805
213.48517435721794 1402.94615867318 -0.4656608940291369
213.48796039511365 1402.4461674068925 -0.46664660653960577
213.490810229188 1401.9461764421658 -0.46760245037687154
213.49366006326238 1401.446185477439 -0.4685582942141373
213.49650989733675 1400.9461945127123 -0.4695141380514031
213.5006244015109 1400.44621261477 -0.4705969978788934
213.50473890568503 1399.9462307168278 -0.47167985770638376
213.50916609449746 1399.446251558238 -0.47279384824160553
213.5135932833099 1398.946272399648 -0.4739078387768273
213.51780281614595 1398.446292816077 -0.47554974175594955
213.52217806053488 1397.9463120284079 -0.4752866857935586
213.52655330492382 1397.4463312407388 -0.47502362983116764
213.53084884732039 1396.9463497907716 -0.4753366860823275
213.53514438971695 1396.4463683408044 -0.47564974233348734
213.5394399321135 1395.9463868908372 -0.4759627985846472
213.54014349042916 1395.446387616698 -0.4764432837759801
213.5408470487448 1394.946388342559 -0.47692376896731303
213.54190672738412 1394.4463894669448 -0.4769620531004173
213.54283660120007 1393.9463903319074 -0.47697927629964276
213.543766475016 1393.44639119687 -0.47699649949886824
213.54439638368967 1392.9463918744625 -0.477526411724398
213.54499356410406 1392.4463923491708 -0.47787004477648565
213.54559074451845 1391.946392823879 -0.47821367782857327
213.54618792493284 1391.4463932985873 -0.4785573108806609
213.54678510534723 1390.9463937732955 -0.4789009439327485
213.55040296546838 1390.446407169795 -0.47945538790782405
213.55397270515437 1389.9464202458582 -0.4800323200704463
213.55754244484035 1389.4464333219214 -0.4806092522330685
213.56109735054918 1388.9464465525064 -0.4813793531194043
213.56292294707862 1388.4464499395062 -0.4816121313177393
213.56474854360806 1387.9464533265061 -0.4818449095160743
213.56562460046894 1387.4464540977235 -0.4819060737999623
213.5665006573298 1386.946454868941 -0.48196723808385034
213.56731120203904 1386.4464558151587 -0.481429433018311
213.5696456986534 1385.9464612739373 -0.4813352288701147
213.57198019526777 1385.4464667327159 -0.48124102472191843
213.57431469188214 1384.9464721914944 -0.48114682057372216
213.5766491884965 1384.446477650273 -0.4810526164255259
213.5795427029443 1383.9464860235983 -0.4810238177426649
213.58253943921284 1383.4464950042334 -0.4810125863287579
213.58553617548137 1382.9465039848685 -0.48100135491485085
213.58822721616946 1382.4465112266212 -0.48100094598929144
213.59091825685755 1381.9465184683738 -0.481000537063732
213.59360929754564 1381.4465257101265 -0.4810001281381726
213.62802703058117 1380.9477116970388 -0.4809999671963816
213.6624447636167 1380.4488976839511 -0.4809998062545906
213.69738905782492 1379.950120343449 -0.48124659364892974
213.73233335203315 1379.451343002947 -0.4814933810432689
213.76727764624138 1378.9525656624448 -0.48174016843760803
213.8022219404496 1378.4537883219427 -0.4819869558319472
213.84016086554755 1377.9552299078798 -0.482368701105788
213.87809979064548 1377.4566714938169 -0.48275044637962883
213.91596424214413 1376.9581074167615 -0.48237046912034276
213.92735537733734 1376.4582382680717 -0.4813330555211174
213.93874651253054 1375.9583691193818 -0.480295641921892
213.95013764772375 1375.458499970692 -0.4792582283226666
213.96152878291696 1374.958630822002 -0.47822081472344125
213.96622732314574 1374.4586534947423 -0.4774488394206875
213.97044437163436 1373.9586713687756 -0.4777491989869559
213.97398480930974 1373.4587026492397 -0.47341967398812634
213.97752524698512 1372.9587339297038 -0.4690901489892968
213.9810656846605 1372.458765210168 -0.46476062399046725
213.9846061223359 1371.958796490632 -0.4604310989916377
214.0316148715939 1371.4610121906005 -0.4594471603091913
214.03749437532417 1370.961048129421 -0.4582771326419226
214.04337387905446 1370.4610840682415 -0.4571071049746539
214.04925338278474 1369.961120007062 -0.4559370773073852
214.05055095906482 1369.4611235341663 -0.45729479147623275
214.0518485353449 1368.9611270612706 -0.4586525056450803
214.05314611162498 1368.461130588375 -0.46001021981392787
214.05444368790506 1367.9611341154794 -0.4613679339827754
214.05574126418514 1367.4611376425837 -0.462725648151623
214.05913530159273 1366.9611491841063 -0.4628736330270209
214.06252933900032 1366.4611607256288 -0.4630216179024188
214.0659233764079 1365.9611722671514 -0.4631696027778167
214.0693174138155 1365.461183808674 -0.4633175876532146
214.07271145122309 1364.9611953501965 -0.46346557252861253
214.07610548863067 1364.461206891719 -0.46361355740401045
214.07949952603826 1363.9612184332416 -0.46376154227940836
214.08289356344585 1363.4612299747641 -0.46390952715480627
214.08638797391575 1362.9612423046162 -0.4642541944550801
214.08988238438565 1362.4612546344683 -0.4645988617553539
214.09337679485554 1361.9612669643204 -0.46494352905562775
214.09655114360726 1361.4612771248158 -0.4652331877747863
214.09972549235897 1360.961287285311 -0.4655228464939448
214.10289984111068 1360.4612974458064 -0.46581250521310336
214.10643204758696 1359.9613099278113 -0.4658857609328042
214.10996425406324 1359.4613224098161 -0.46595901665250505
214.11283072317894 1358.9613314676521 -0.46504189682457264
214.11395876301685 1358.8579978020862 -0.46500093078613247
214.11694279400695 1358.358006816419 -0.4653323076642064
214.11992682499704 1357.8580158307518 -0.46566368454228035
214.12291085598713 1357.3580248450846 -0.4659950614203543
214.12494542356944 1356.8580291196145 -0.4656275749138262
214.12697999115176 1356.3580333941443 -0.46526008840729816
214.12901455873407 1355.8580376686741 -0.4648926019007701
214.13104912631638 1355.358041943204 -0.464525115394242
214.1330836938987 1354.8580462177338 -0.46415762888771395
214.1351440906759 1354.3580506299897 -0.46374897051415853
214.13720448745312 1353.8580550422457 -0.4633403121406031
214.13926488423033 1353.3580594545017 -0.4629316537670477
214.14132528100754 1352.8580638667577 -0.4625229953934923
214.14338567778475 1352.3580682790137 -0.46211433701993687
214.14540373956868 1351.8580725485417 -0.4625581122275847
214.1474218013526 1351.3580768180698 -0.4630018874352325
214.14943986313654 1350.8580810875978 -0.46344566264288034
214.15145792492046 1350.358085357126 -0.46388943785052816
214.15371025947718 1349.8580904995947 -0.4641529360399391
214.1559625940339 1349.3580956420635 -0.4644164342293501
214.1582149285906 1348.8581007845323 -0.46467993241876104
214.16046726314732 1348.3581059270011 -0.464943430608172
214.16263612472721 1347.8581108517913 -0.46541332998509277
214.1648049863071 1347.3581157765814 -0.46588322936201354
214.166973847887 1346.8581207013715 -0.4663531287389343
214.16914270946688 1346.3581256261616 -0.4668230281158551
214.16961250058512 1345.8581265930236 -0.4676868321378528
214.17008229170335 1345.3581275598856 -0.4685506361598505
214.1705520828216 1344.8581285267476 -0.4694144401818482
214.17102187393982 1344.3581294936096 -0.4702782442038459
214.17149166505806 1343.8581304604716 -0.4711420482258436
214.17186477339578 1343.3581316752175 -0.47217912803142514
214.1722378817335 1342.8581328899634 -0.4732162078370067
214.17261099007123 1342.3581341047093 -0.47425328764258823
214.17298409840896 1341.8581353194552 -0.47529036744816977
214.1733572067467 1341.358136534201 -0.4763274472537513
214.1737303150844 1340.858137748947 -0.47736452705933285
214.1740053647179 1340.3581378312585 -0.47728292313555354
214.17428041435141 1339.85813791357 -0.4772013192117742
214.17455546398492 1339.3581379958816 -0.4771197152879949
214.17483051361842 1338.8581380781932 -0.4770381113642156
214.17532313142942 1338.3581385435807 -0.4765661843397875
214.17581574924043 1337.8581390089682 -0.47609425731535937
214.17630836705143 1337.3581394743558 -0.47562233029093126
214.17680098486244 1336.8581399397433 -0.47515040326650315
214.1773857019324 1336.3581415468248 -0.4740255989491785
214.17797041900235 1335.8581431539062 -0.47290079463185386
214.1785551360723 1335.3581447609877 -0.4717759903145292
214.17821086997162 1334.8581474462874 -0.4701738750430807
214.17717637220892 1334.358148796377 -0.4696448171370472
214.17614187444622 1333.8581501464666 -0.4691157592310137
214.1751073766835 1333.3581514965563 -0.46858670132498015
214.1740728789208 1332.858152846646 -0.4680576434189466
214.17316435142368 1332.3581554611735 -0.4667200715130623
214.17225582392655 1331.858158075701 -0.4653824996071779
214.17134729642942 1331.3581606902287 -0.4640449277012936
214.17043876893229 1330.8581633047563 -0.4627073557954092
214.17227275208995 1330.358167104269 -0.46204704994494183
214.17410673524762 1329.8581709037815 -0.46138674409447444
214.1759407184053 1329.358174703294 -0.46072643824400705
214.17777470156295 1328.8581785028066 -0.46006613239353966
214.18000323362685 1328.3581837860106 -0.4595032638820512
214.18223176569074 1327.8581890692146 -0.45894039537056275
214.18446029775464 1327.3581943524186 -0.4583775268590743
214.18669358245893 1326.858199400626 -0.4581313129762604
214.18892686716322 1326.3582044488335 -0.45788509909344655
214.1911601518675 1325.858209497041 -0.4576388852106327
214.1933934365718 1325.3582145452483 -0.4573926713278188
214.19562672127608 1324.8582195934557 -0.45714645744500493
214.19785098841203 1324.3582245604634 -0.45700639009466915
214.19767198725276 1323.8582249564572 -0.4564031055360469
214.1974929860935 1323.358225352451 -0.45579982097742466
214.19731398493423 1322.8582257484447 -0.4551965364188024
214.19713498377496 1322.3582261444385 -0.4545932518601802
214.1971052093843 1321.8582261553947 -0.45449290340677495
214.19707543499362 1321.358226166351 -0.4543925549533697
214.19704566060295 1320.8582261773072 -0.4542922064999645
214.19701588621228 1320.3582261882634 -0.45419185804655926
214.19698611182162 1319.8582261992196 -0.45409150959315403
214.19696103305932 1319.3582262069922 -0.454006989307863
214.198228257839 1318.858227812877 -0.4540021395643189
214.1989587652497 1318.4849978019483 -0.45399934387206997
