208.12195873633027 1767.901997799985 -0.4770000610351559
208.12400957789532 1767.4020026794565 -0.47617939278628807
208.12606041946037 1766.9020075589278 -0.47535872453742023
208.12740094335447 1766.4020093656134 -0.47526034769033654
208.12874146724857 1765.902011172299 -0.47516197084325285
208.13008199114267 1765.4020129789844 -0.47506359399616915
208.13160051122418 1764.9020153435154 -0.4753057140409822
208.13311903130568 1764.4020177080463 -0.47554783408579526
208.1346375513872 1763.9020200725772 -0.4757899541306083
208.1361076483696 1763.4020226494756 -0.47643470721374703
208.13757774535202 1762.902025226374 -0.47707946029688575
208.13904784233443 1762.4020278032724 -0.47772421338002447
208.14051793931685 1761.9020303801708 -0.4783689664631632
208.1419744383801 1761.4020352787918 -0.4767024708861469
208.14343093744333 1760.9020401774128 -0.47503597530913066
208.14488743650656 1760.4020450760338 -0.4733694797321144
208.1463439355698 1759.9020499746548 -0.47170298415509815
208.1480584463825 1759.4020529474542 -0.4715206568584023
208.14977295719518 1758.9020559202536 -0.4713383295617064
208.15148746800787 1758.402058893053 -0.47115600226501053
208.15290593022462 1757.902061184483 -0.47062742885963293
208.15432439244137 1757.402063475913 -0.47009885545425534
208.15574285465811 1756.9020657673432 -0.46957028204887774
208.15716131687486 1756.4020680587732 -0.46904170864350014
208.1585797790916 1755.9020703502033 -0.46851313523812255
208.16007572388332 1755.4020729353022 -0.46792386336408254
208.16157166867504 1754.902075520401 -0.46733459149004253
208.16306761346675 1754.4020781054999 -0.4667453196160025
208.16456355825846 1753.9020806905987 -0.4661560477419625
208.16608153825246 1753.402083100494 -0.4658310456286192
208.16759951824645 1752.9020855103895 -0.4655060435152759
208.16911749824044 1752.4020879202849 -0.4651810414019326
208.17068559093718 1751.9020906973872 -0.4646169671411876
208.17225368363393 1751.4020934744894 -0.4640528928804426
208.17382177633067 1750.9020962515917 -0.4634888186196976
208.1753898690274 1750.402099028694 -0.4629247443589526
208.17695796172416 1749.9021018057963 -0.4623606700982076
208.17832197407563 1749.4021040809823 -0.4617167359088371
208.1796859864271 1748.9021063561684 -0.46107280171946663
208.18104999877858 1748.4021086313544 -0.46042886753009615
208.1824735490594 1747.9021108294633 -0.4600146107326041
208.18389709934024 1747.402113027572 -0.459600353935112
208.18532064962108 1746.902115225681 -0.45918609713761993
208.18642249650998 1746.4021166855582 -0.4586903062937342
208.18752434339888 1745.9021181454355 -0.45819451544984846
208.18845754002848 1745.402119064244 -0.4584134943493483
208.18939073665808 1744.9021199830527 -0.45863247324884815
208.1903239332877 1744.4021209018613 -0.458851452148348
208.19124082839653 1743.9021217439706 -0.458889027914441
208.19215772350537 1743.40212258608 -0.45892660368053395
208.19307461861422 1742.9021234281893 -0.45896417944662693
208.19400004728607 1742.4021243111406 -0.45912706722093655
208.19492547595792 1741.902125194092 -0.45928995499524616
208.19585090462976 1741.4021260770432 -0.4594528427695558
208.1967763333016 1740.9021269599946 -0.4596157305438654
208.19770176197346 1740.402127842946 -0.459778618318175
208.1986271906453 1739.9021287258972 -0.45994150609248463
208.19969033708935 1739.4021299235874 -0.4602011371044069
208.2007534835334 1738.9021311212775 -0.4604607681163292
208.20181662997743 1738.4021323189677 -0.46072039912825147
208.20287977642147 1737.9021335166578 -0.46098003014017375
208.20390701605936 1737.4021346111804 -0.46078178751996146
208.20493425569725 1736.902135705703 -0.4605835448997492
208.20596149533515 1736.4021368002254 -0.4603853022795369
208.20698873497304 1735.902137894748 -0.4601870596593246
208.20790638177095 1735.4021387720738 -0.46037480807928266
208.20882402856887 1734.9021396493997 -0.4605625564992407
208.20974167536679 1734.4021405267256 -0.46075030491919877
208.2106593221647 1733.9021414040515 -0.46093805333915683
208.21154858222667 1733.4021421951081 -0.46095456416837977
208.21243784228864 1732.9021429861648 -0.4609710749976027
208.2133271023506 1732.4021437772215 -0.46098758582682564
208.21434007956793 1731.902144803352 -0.46099015073381766
208.21535305678526 1731.4021458294826 -0.4609927156408097
208.2163660340026 1730.9021468556132 -0.4609952805478017
208.21737901121992 1730.4021478817438 -0.4609978454547937
208.22032924381233 1729.9021565856929 -0.4609987910671064
208.22471160593489 1729.4021757911596 -0.46099893751153087
208.22909396805744 1728.9021949966263 -0.46099908395595535
208.23347633018 1728.402214202093 -0.4609992304003798
208.23785848453394 1727.902233963433 -0.461746005133596
208.2422406388879 1727.402253724773 -0.46249277986681214
208.24662279324184 1726.9022734861128 -0.4632395546000283
208.2510049475958 1726.4022932474527 -0.46398632933324446
208.25538710194974 1725.9023130087926 -0.4647331040664606
208.2598218389346 1725.4023330440489 -0.465339703329809
208.2642565759195 1724.9023530793052 -0.4659463025931574
208.26869131290437 1724.4023731145614 -0.4665529018565058
208.27313063480813 1723.902392946084 -0.4669043991265761
208.2775699567119 1723.4024127776067 -0.46725589639664644
208.28200927861565 1722.9024326091294 -0.4676073936667168
208.2864486005194 1722.402452440652 -0.4679588909367871
208.29101722151245 1721.9024736942456 -0.4685760165785843
208.2955858425055 1721.4024949478392 -0.46919314222038144
208.30015446349853 1720.9025162014327 -0.4698102678621786
208.30472308449157 1720.4025374550263 -0.4704273935039758
208.30924778364295 1719.902558228908 -0.47097561576471103
208.31377248279432 1719.4025790027897 -0.4715238380254463
208.3182971819457 1718.9025997766714 -0.47207206028618154
208.32282188109707 1718.4026205505531 -0.4726202825469168
208.32740128055445 1717.9026416025333 -0.4723363150758012
208.33198068001184 1717.4026626545135 -0.4720523476046856
208.33656007946922 1716.9026837064937 -0.47176838013357003
208.3411394789266 1716.4027047584739 -0.47148441266245444
208.345718878384 1715.902725810454 -0.47120044519133886
208.35020508584546 1715.4027463523018 -0.47055595438889575
208.35469129330693 1714.9027668941496 -0.46991146358645264
208.3591775007684 1714.4027874359974 -0.46926697278400953
208.36366370822986 1713.9028079778452 -0.4686224819815664
208.36814991569133 1713.402828519693 -0.4679779911791233
208.3726361231528 1712.9028490615408 -0.4673335003766802
208.37612285498471 1712.4028612914285 -0.46706435511322475
208.37855031108245 1711.9028675199418 -0.4664847593453302
208.38097776718018 1711.402873748455 -0.4659051635774356
208.38340522327792 1710.9028799769683 -0.46532556780954104
208.38583267937565 1710.4028862054815 -0.46474597204164647
208.3882601354734 1709.9028924339948 -0.4641663762737519
208.3906073953748 1709.4028980700957 -0.4638107921305109
208.39295465527618 1708.9029037061966 -0.4634552079872699
208.39530191517758 1708.4029093422976 -0.4630996238440289
208.39778662398624 1707.9029155626577 -0.4628838843558186
208.4002713327949 1707.4029217830177 -0.4626681448676083
208.40275604160354 1706.9029280033778 -0.462452405379398
208.4052407504122 1706.402934223738 -0.4622366658911877
208.40772545922084 1705.902940444098 -0.4620209264029774
208.41019648525628 1705.4029469027603 -0.4626147706147251
208.41266751129172 1704.9029533614225 -0.4632086148264728
208.41513853732715 1704.4029598200848 -0.4638024590382205
208.4176092031189 1703.9029663033655 -0.4644181287018956
208.42007986891065 1703.4029727866462 -0.4650337983655707
208.4225505347024 1702.9029792699268 -0.4656494680292458
208.42508717160774 1702.402986291181 -0.4664154171167769
208.4276238085131 1701.902993312435 -0.46718136620430806
208.43016044541844 1701.403000333689 -0.4679473152918392
208.43269708232378 1700.9030073549432 -0.46871326437937033
208.43523371922913 1700.4030143761972 -0.46947921346690147
208.43767895522808 1699.9030206859588 -0.47005414185764427
208.44012419122703 1699.4030269957204 -0.47062907024838707
208.44256942722598 1698.903033305482 -0.4712039986391299
208.44501466322492 1698.4030396152436 -0.4717789270298727
208.44740613914462 1697.9030456197036 -0.47231303075004205
208.4497976150643 1697.4030516241635 -0.4728471344702114
208.452189090984 1696.9030576286234 -0.4733812381903808
208.4545805669037 1696.4030636330833 -0.4739153419105502
208.45696676235423 1695.9030696085613 -0.474445920450279
208.45935295780475 1695.4030755840392 -0.4749764989900078
208.46173915325528 1694.9030815595172 -0.47550707752973664
208.4642114425684 1694.4030877003324 -0.4756760838476316
208.46668373188152 1693.9030938411477 -0.47584509016552656
208.47034823184788 1693.4031073756632 -0.47617031673029175
208.47401273181424 1692.9031209101788 -0.47649554329505694
208.4776772317806 1692.4031344446944 -0.47682076985982214
208.48134173174697 1691.90314797921 -0.4771459964245873
208.48500623171333 1691.4031615137255 -0.4774712229893525
208.4886707316797 1690.903175048241 -0.4777964495541177
208.49225600661703 1690.4031880489476 -0.4781789950653281
208.49584128155436 1689.9032010496542 -0.47856154057653855
208.4994265564917 1689.4032140503607 -0.47894408608774897
208.503289896997 1688.9032292047218 -0.47942234491447444
208.50715323750228 1688.403244359083 -0.4799006037411999
208.51108747750595 1687.903259873524 -0.48009022412876734
208.51502171750963 1687.4032753879649 -0.48027984451633476
208.5189559575133 1686.9032909024058 -0.4804694649039022
208.52289019751697 1686.4033064168468 -0.4806590852914696
208.52682443752065 1685.9033219312878 -0.48084870567903704
208.53067439500262 1685.4033370173486 -0.48136218452404833
208.5345243524846 1684.9033521034094 -0.4818756633690596
208.53837430996657 1684.4033671894701 -0.4823891422140709
208.54222426744855 1683.903382275531 -0.4829026210590822
208.5460554955315 1683.4033970477685 -0.4832087431693096
208.54988672361446 1682.903411820006 -0.483514865279537
208.55371795169742 1682.4034265922437 -0.4838209873897644
208.55741116958256 1681.9034406466676 -0.484464701671387
208.5611043874677 1681.4034547010915 -0.4851084159530096
208.56479760535285 1680.9034687555154 -0.48575213023463215
208.568490823238 1680.4034828099393 -0.4863958445162547
208.57248101160656 1679.9034988828305 -0.4867844697103021
208.57647119997512 1679.4035149557217 -0.48717309490434946
208.58046138834368 1678.9035310286129 -0.4875617200983968
208.58445157671224 1678.403547101504 -0.4879503452924442
208.58821330046283 1677.9035613679644 -0.4876102111248981
208.5919750242134 1677.4035756344247 -0.487270076957352
208.59508645842493 1676.9035854540402 -0.48689792596051484
208.59819789263645 1676.4035952736558 -0.48652577496367766
208.60130932684797 1675.9036050932714 -0.4861536239668405
208.6044207610595 1675.403614912887 -0.4857814729700033
208.607532195271 1674.9036247325025 -0.4854093219731661
208.61064362948252 1674.403634552118 -0.4850371709763289
208.6137666364766 1673.9036443745615 -0.48477416104726756
208.6168896434707 1673.403654197005 -0.4845111511182062
208.6200126504648 1672.9036640194483 -0.48424814118914483
208.62313590118947 1672.4036739950975 -0.4837781896136114
208.62625915191416 1671.9036839707467 -0.483308238038078
208.62938240263884 1671.4036939463958 -0.48283828646254456
208.63250565336352 1670.903703922045 -0.48236833488701114
208.63541103089824 1670.4037125845994 -0.4818979511997996
208.63831640843296 1669.9037212471537 -0.4814275675125881
208.64157800123166 1669.4037320451318 -0.48102772510057956
208.64483959403037 1668.90374284311 -0.48062788268857104
208.64810118682908 1668.403753641088 -0.4802280402765625
208.6511107413114 1667.9037628396486 -0.4798524637749104
208.65412029579375 1667.4037720382091 -0.4794768872732583
208.65712985027608 1666.9037812367696 -0.4791013107716062
208.6601394047584 1666.4037904353302 -0.47872573426995413
208.66314895924074 1665.9037996338907 -0.47835015776830203
208.66617607332284 1665.4038088042605 -0.47826729565590465
208.66920318740495 1664.9038179746303 -0.47818443354350726
208.67223030148705 1664.4038271450002 -0.4781015714311099
208.67525741556915 1663.90383631537 -0.4780187093187125
208.67857246880112 1663.4038473824944 -0.47829696103564434
208.6818875220331 1662.9038584496188 -0.4785752127525762
208.68520257526507 1662.4038695167433 -0.47885346446950805
208.6881421950062 1661.9038809797146 -0.4805331893547268
208.6873683475062 1661.403884872801 -0.4823481910977412
208.6865945000062 1660.9038887658874 -0.4841631928407556
208.6858206525062 1660.4038926589737 -0.48597819458377
208.6850468050062 1659.9038965520601 -0.4877931963267844
208.6838336610831 1659.4038981518606 -0.488151078691744
208.68262051716 1658.9038997516611 -0.4885089610567036
208.68140737323688 1658.4039013514616 -0.4888668434216632
208.68038623085158 1657.9039024206027 -0.48870433736578944
208.67936508846628 1657.4039034897437 -0.4885418313099157
208.678343946081 1656.9039045588847 -0.48837932525404193
208.6773228036957 1656.4039056280258 -0.4882168191981682
208.6763016613104 1655.9039066971668 -0.4880543131422944
208.67538675178196 1655.4039075344501 -0.48803937740836545
208.67447184225352 1654.9039083717335 -0.4880244416744365
208.6735569327251 1654.4039092090168 -0.4880095059405075
208.67239923288525 1653.9039105492936 -0.48800704729262634
208.67124153304542 1653.4039118895705 -0.48800458864474516
208.67008383320558 1652.9039132298474 -0.488002129996864
208.6690360648397 1652.4039143570371 -0.48783075353298844
208.66798829647382 1651.903915484227 -0.4876593770691129
208.66694052810794 1651.4039166114167 -0.48748800060523734
208.66589275974206 1650.9039177386064 -0.4873166241413618
208.66484499137619 1650.4039188657962 -0.48714524767748624
208.66366069121295 1649.9039202695994 -0.48711011367356627
208.66247639104972 1649.4039216734027 -0.4870749796696463
208.6612920908865 1648.903923077206 -0.48703984566572633
208.66010779072326 1648.4039244810092 -0.48700471166180637
208.65928999591915 1647.9039252931714 -0.487383358102379
208.65847220111505 1647.4039261053335 -0.4877620045429516
208.6613592337212 1646.9039349044763 -0.48844325927972854
208.66424626632738 1646.403943703619 -0.4891245140165055
208.66713329893355 1645.9039525027617 -0.4898057687532824
208.67136465099225 1645.4039705093846 -0.4901250781565323
208.67559600305094 1644.9039885160075 -0.49044438755978215
208.67982735510964 1644.4040065226304 -0.490763696963032
208.68391193690377 1643.9040234912288 -0.491297084308683
208.6879965186979 1643.4040404598272 -0.491830471654334
208.69208110049203 1642.9040574284256 -0.492363858999985
208.69616568228616 1642.404074397024 -0.49289724634563603
208.70021971386404 1641.9040909834778 -0.4925086507127213
208.70427374544192 1641.4041075699315 -0.4921200550798066
208.7083277770198 1640.9041241563853 -0.4917314594468919
208.71238180859768 1640.404140742839 -0.4913428638139772
208.71647858455026 1639.904157676026 -0.49172929231735096
208.72057536050283 1639.404174609213 -0.49211572082072474
208.7246721364554 1638.9041915424 -0.4925021493240985
208.728768912408 1638.404208475587 -0.4928885778274723
208.73275208907285 1637.904224611321 -0.49340797873193365
208.7367352657377 1637.4042407470552 -0.493927379636395
208.74071844240257 1636.9042568827892 -0.49444678054085633
208.74470161906743 1636.4042730185233 -0.4949661814453177
208.74893448425314 1635.9042912165633 -0.4954958615904811
208.75316734943885 1635.4043094146032 -0.4960255417356445
208.75740021462457 1634.904327612643 -0.4965552218808079
208.76143388441778 1634.404343891834 -0.49664705806942944
208.765467554211 1633.904360171025 -0.49673889425805096
208.76950122400422 1633.404376450216 -0.4968307304466725
208.77353489379743 1632.904392729407 -0.496922566635294
208.77753243838276 1632.4044087102825 -0.4969386096571916
208.7815299829681 1631.904424691158 -0.4969546526790892
208.78552752755343 1631.4044406720336 -0.49697069570098684
208.78952507213876 1630.9044566529092 -0.49698673872288446
208.79374986810615 1630.4044745021506 -0.49699142100944826
208.79797466407354 1629.904492351392 -0.49699610329601207
208.80200337850613 1629.4045086658386 -0.4972853100327368
208.80603209293872 1628.9045249802853 -0.4975745167694615
208.81006080737131 1628.4045412947319 -0.49786372350618624
208.8145332651378 1627.9045623735062 -0.49890076329811484
208.81789415456308 1627.4045738537554 -0.4993303442067598
208.82125504398834 1626.9045853340047 -0.4997599251154048
208.8246159334136 1626.4045968142539 -0.5001895060240498
208.82797682283888 1625.904608294503 -0.5006190869326947
208.831418311849 1625.404620239067 -0.5009362221426623
208.83485980085914 1624.904632183631 -0.5012533573526299
208.83830128986926 1624.404644128195 -0.5015704925625974
208.8417427788794 1623.904656072759 -0.501887627772565
208.8452011801204 1623.404668118044 -0.5021784897532579
208.8486595813614 1622.9046801633287 -0.5024693517339507
208.8521179826024 1622.4046922086136 -0.5027602137146435
208.85560965774448 1621.9047044227134 -0.5026113670328339
208.85910133288655 1621.4047166368132 -0.5024625203510243
208.86259300802863 1620.904728850913 -0.5023136736692148
208.8660846831707 1620.4047410650128 -0.5021648269874052
208.86957635831277 1619.9047532791126 -0.5020159803055956
208.8731382597033 1619.404766061071 -0.502323638399666
208.87670016109382 1618.9047788430296 -0.5026312964937364
208.88026206248435 1618.404791624988 -0.5029389545878068
208.88372811806983 1617.9048037828622 -0.5025592375606805
208.8871941736553 1617.4048159407364 -0.5021795205335543
208.89066022924078 1616.9048280986106 -0.501799803506428
208.89412628482626 1616.4048402564847 -0.5014200864793018
208.89759234041173 1615.9048524143589 -0.5010403694521756
208.9010546585131 1615.4048645677221 -0.5006334679383246
208.90451697661445 1614.9048767210854 -0.5002265664244737
208.9079792947158 1614.4048888744487 -0.4998196649106228
208.91144161281716 1613.904901027812 -0.4994127633967719
208.9149039309185 1613.4049131811753 -0.49900586188292095
208.91838342383278 1612.9049264283278 -0.49793810432185204
208.92186291674705 1612.4049396754804 -0.4968703467607831
208.9253424096613 1611.904952922633 -0.4958025891997142
208.92859915728513 1611.4049646742728 -0.4947324973169017
208.93185590490896 1610.9049764259128 -0.49366240543408924
208.93511265253278 1610.4049881775527 -0.49259231355127675
208.9383694001566 1609.9049999291926 -0.49152222166846427
208.9423939805281 1609.405017394783 -0.4903961496637248
208.9464185608996 1608.9050348603735 -0.48927007765898534
208.95044314127108 1608.4050523259639 -0.48814400565424587
208.9546816509186 1607.9050707133197 -0.4874943490494328
208.9589201605661 1607.4050891006755 -0.4868446924446197
208.9631586702136 1606.9051074880313 -0.4861950358398066
208.9673971798611 1606.405125875387 -0.4855453792349935
208.97160764564876 1605.9051438292743 -0.48507046576484836
208.9758181114364 1605.4051617831615 -0.4845955522947032
208.98002857722406 1604.9051797370487 -0.484120638824558
208.9842390430117 1604.405197690936 -0.48364572535441286
208.98844950879936 1603.905215644823 -0.4831708118842677
208.98995874467073 1603.7249978012405 -0.48300057983398403
208.99368998488603 1603.2250117235878 -0.48300057983398403
208.9977743397643 1602.725028439425 -0.48318389094283143
209.00185869464258 1602.225045155262 -0.4833672020516788
209.00594304952085 1601.7250618710991 -0.4835505131605262
209.01002740439912 1601.2250785869362 -0.4837338242693736
209.0141117592774 1600.7250953027733 -0.483917135378221
209.01831275588154 1600.2251149887443 -0.48534444441199587
209.02251375248568 1599.7251346747153 -0.4867717534457707
209.02671474908982 1599.2251543606862 -0.4881990624795456
209.03091574569396 1598.7251740466572 -0.48962637151332045
209.0351580792177 1598.2251920506476 -0.4897055705846304
209.03940041274143 1597.725210054638 -0.4897847696559403
209.04364274626516 1597.2252280586283 -0.48986396872725024
209.0478850797889 1596.7252460626187 -0.4899431677985602
209.05191520400047 1596.2252623049474 -0.4899559629147078
209.05594532821203 1595.725278547276 -0.4899687580308554
209.0599754524236 1595.2252947896047 -0.489981553147003
209.06400557663517 1594.7253110319334 -0.4899943482631506
209.06628591219715 1594.2253163771986 -0.4896131576346838
209.06856624775912 1593.7253217224638 -0.48923196700621707
209.07060327973818 1593.2253259205252 -0.48901163915902
209.07264031171724 1592.7253301185865 -0.48879131131182296
209.0746773436963 1592.2253343166478 -0.4885709834646259
209.07671437567535 1591.7253385147092 -0.48835065561742885
209.0787514076544 1591.2253427127705 -0.4881303277702318
209.0805830667008 1590.7253461088767 -0.487927547746014
209.08241472574719 1590.225349504983 -0.4877247677217962
209.08424638479357 1589.725352901089 -0.4875219876975784
209.08607804383996 1589.2253562971953 -0.48731920767336057
209.08790970288635 1588.7253596933015 -0.48711642764914276
209.0899117880689 1588.2253637021054 -0.4870953835082247
209.09191387325143 1587.7253677109093 -0.4870743393673066
209.09391595843397 1587.2253717197132 -0.4870532952263885
209.0959180436165 1586.725375728517 -0.48703225108547044
209.09792012879905 1586.225379737321 -0.48701120694455236
209.09976039130197 1585.725383193681 -0.4867470440417496
209.1016006538049 1585.225386650041 -0.4864828811389469
209.10344091630782 1584.725390106401 -0.48621871823614415
209.10525997498098 1584.22539350242 -0.4859237043730432
209.10707903365414 1583.7253968984392 -0.4856286905099423
209.1088980923273 1583.2254002944583 -0.48533367664684135
209.11071715100047 1582.7254036904774 -0.4850386627837404
209.11272891509213 1582.2254077377477 -0.48503096631663245
209.1147406791838 1581.725411785018 -0.4850232698495245
209.11675244327546 1581.2254158322883 -0.4850155733824165
209.11876420736712 1580.7254198795586 -0.48500787691530856
209.12077597145878 1580.2254239268289 -0.4850001804482006
209.12278858393245 1579.7254280560703 -0.48528056485533266
209.1248011964061 1579.2254321853118 -0.48556094926246474
209.12681380887977 1578.7254363145532 -0.4858413336695968
209.1284728396962 1578.225439490933 -0.48519019121539253
209.13193117624746 1577.72545222391 -0.4843111444570851
209.13538951279872 1577.225464956887 -0.4834320976987777
209.13884784935 1576.725477689864 -0.4825530509404703
209.14230618590125 1576.225490422841 -0.4816740041821629
209.14576789645878 1575.7255026281398 -0.4812031434941396
209.1492296070163 1575.2255148334386 -0.48073228280611635
209.15269131757384 1574.7255270387375 -0.4802614221180931
209.15615302813137 1574.2255392440363 -0.4797905614300698
209.1596147386889 1573.7255514493352 -0.47931970074204655
209.16311322767353 1573.225564049254 -0.4787194217871211
209.16661171665817 1572.7255766491728 -0.4781191428321957
209.1701102056428 1572.2255892490916 -0.47751886387727027
209.17360869462743 1571.7256018490104 -0.47691858492234485
209.17710718361207 1571.2256144489293 -0.4763183059674194
209.18053614585892 1570.7256270508992 -0.4753995954219903
209.18396510810578 1570.2256396528692 -0.47448088487656115
209.18739407035264 1569.7256522548391 -0.473562174331132
209.1908230325995 1569.225664856809 -0.4726434637857029
209.19425199484635 1568.725677458779 -0.47172475324027374
209.19770719117878 1568.2256907871242 -0.4705458614942979
209.2011623875112 1567.7257041154694 -0.46936696974832204
209.20461758384363 1567.2257174438146 -0.4681880780023462
209.20807278017605 1566.7257307721597 -0.46700918625637033
209.21152797650848 1566.225744100505 -0.4658302945103945
209.2150424178884 1565.7257574561875 -0.4648281937002582
209.21855685926835 1565.22577081187 -0.4638260928901219
209.22207130064828 1564.7257841675525 -0.4628239920799856
209.22559811159147 1564.2257975490147 -0.4618529680454966
209.22912492253465 1563.7258109304769 -0.46088194401100757
209.23265173347784 1563.225824311939 -0.45991091997651856
209.23612312739726 1562.7258381913173 -0.45855865893429804
209.2395945213167 1562.2258520706955 -0.4572063978920775
209.24306591523612 1561.7258659500737 -0.455854136849857
209.24653730915554 1561.225879829452 -0.45450187580763646
209.25000870307497 1560.7258937088302 -0.45314961476541593
209.25379362828699 1560.225908806805 -0.45227092937982494
209.25750219316058 1559.725922969823 -0.4516311138490262
209.26121075803417 1559.225937132841 -0.4509912983182275
209.26491932290776 1558.725951295859 -0.45035148278742876
209.26878681457674 1558.2259662577578 -0.4502868054922875
209.27265430624573 1557.7259812196567 -0.45022212819714624
209.2765217979147 1557.2259961815555 -0.450157450902005
209.2803892895837 1556.7260111434543 -0.4500927736068637
209.28425678125268 1556.2260261053532 -0.45002809631172247
209.28815868608297 1555.726041395695 -0.44977266208897937
209.29206059091325 1555.2260566860366 -0.44951722786623627
209.29596249574354 1554.7260719763783 -0.44926179364349317
209.29986440057382 1554.22608726672 -0.44900635942075007
209.30377050274717 1553.7261026022625 -0.4487276603387327
209.30767660492052 1553.226117937805 -0.4484489612567153
209.31158270709386 1552.7261332733474 -0.4481702621746979
209.31549455306106 1552.226148577083 -0.44813923798765587
209.31940639902825 1551.7261638808186 -0.44810821380061383
209.32331824499545 1551.2261791845542 -0.4480771896135718
209.32723009096264 1550.7261944882898 -0.44804616542652975
209.33114193692984 1550.2262097920254 -0.4480151412394877
209.3349708669009 1549.7262245321842 -0.44773365078541405
209.33879979687197 1549.226239272343 -0.4474521603313404
209.34262872684303 1548.7262540125018 -0.4471706698772667
209.34659732833723 1548.2262709388747 -0.44825523820984736
209.35056592983142 1547.7262878652475 -0.449339806542428
209.3545345313256 1547.2263047916204 -0.45042437487500864
209.3585031328198 1546.7263217179932 -0.4515089432075893
209.362471734314 1546.226338644366 -0.4525935115401699
209.36626103618153 1545.7263555791637 -0.4541984110290366
209.37005033804905 1545.2263725139615 -0.45580331051790324
209.37383963991658 1544.7263894487592 -0.4574082100067699
209.3776289417841 1544.2264063835569 -0.45901310949563656
209.37956645006102 1543.7264134234085 -0.46082580468733203
209.38150395833793 1543.2264204632602 -0.4626384998790275
209.38249127273923 1542.7264232134664 -0.4639709446354522
209.38347858714053 1542.2264259636727 -0.4653033893918769
209.38446590154183 1541.726428713879 -0.46663583414830156
209.38545321594313 1541.2264314640852 -0.46796827890472625
209.38644053034443 1540.7264342142914 -0.46930072366115094
209.38745474216603 1540.226435988828 -0.47016438312347475
209.38846895398763 1539.7264377633644 -0.47102804258579856
209.38948316580922 1539.226439537901 -0.47189170204812236
209.39049737763082 1538.7264413124374 -0.47275536151044617
209.39151158945242 1538.2264430869739 -0.47361902097277
209.3925477810709 1537.7264443659142 -0.47407206127390256
209.39358397268938 1537.2264456448545 -0.47452510157503514
209.39462016430787 1536.7264469237948 -0.4749781418761677
209.39565635592635 1536.2264482027351 -0.4754311821773003
209.39669254754483 1535.7264494816754 -0.4758842224784329
209.39783113836074 1535.2264508667524 -0.4761820245188122
209.39896972917666 1534.7264522518294 -0.4764798265591915
209.40010831999257 1534.2264536369064 -0.47677762859957085
209.40101710012777 1533.726454545957 -0.477066018113666
209.40192588026298 1533.2264554550077 -0.47735440762776116
209.40283466039818 1532.7264563640583 -0.4776427971418563
209.4037434405334 1532.226457273109 -0.47793118665595147
209.40476147278105 1531.7264584726324 -0.47833508311390394
209.4057795050287 1531.226459672156 -0.4787389795718564
209.40679753727636 1530.7264608716794 -0.4791428760298089
209.40781556952402 1530.2264620712028 -0.47954677248776134
209.40883360177168 1529.7264632707263 -0.4799506689457138
209.41000629160828 1529.2264648009048 -0.48034433729394743
209.4111789814449 1528.7264663310832 -0.48073800564218105
209.41277240906993 1528.2264689250255 -0.4809723645216465
209.41439508198005 1527.7264719182642 -0.4815724998102584
209.41601775489016 1527.226474911503 -0.4821726350988703
209.41764042780028 1526.7264779047416 -0.48277277038748223
209.4192631007104 1526.2264808979803 -0.48337290567609414
209.4208857736205 1525.726483891219 -0.48397304096470606
209.42283586218957 1525.2264880066562 -0.4845321248167731
209.42478595075863 1524.7264921220933 -0.48509120866884015
209.4267360393277 1524.2264962375305 -0.4856502925209072
209.42845122881613 1523.7264998118708 -0.48644556141457496
209.43016641830457 1523.226503386211 -0.4872408303082427
209.431881607793 1522.7265069605514 -0.4880360992019105
209.43359679728144 1522.2265105348918 -0.48883136809557826
209.43541075600513 1521.7265140019106 -0.48925155917606256
209.4372247147288 1521.2265174689294 -0.48967175025654686
209.4390386734525 1520.7265209359482 -0.49009194133703116
209.4408526321762 1520.226524402967 -0.49051213241751546
209.44266659089988 1519.7265278699858 -0.49093232349799976
209.44439318752814 1519.2265313065627 -0.4916071784457615
209.4461197841564 1518.7265347431396 -0.4922820333935233
209.44784638078465 1518.2265381797165 -0.49295688834128504
209.4496492135729 1517.7265414998792 -0.4932213605271204
209.45145204636117 1517.226544820042 -0.49348583271295576
209.45325487914943 1516.7265481402046 -0.4937503048987911
209.455058740813 1516.2265513968157 -0.493802107522045
209.45686260247658 1515.7265546534268 -0.4938539101452989
209.45866646414015 1515.2265579100379 -0.4939057127685528
209.46047032580373 1514.726561166649 -0.49395751539180666
209.46221948547532 1514.226564435405 -0.4935001470325485
209.4639686451469 1513.726567704161 -0.4930427786732904
209.4657178048185 1513.226570972917 -0.49258541031403225
209.4674669644901 1512.726574241673 -0.4921280419547741
209.4694726985034 1512.2265783558655 -0.49182603753652476
209.47147843251673 1511.726582470058 -0.4915240331182754
209.47348416653006 1511.2265865842505 -0.49122202870002607
209.47537130368835 1510.7265905856761 -0.49055861109778587
209.47728781282876 1510.2265942850574 -0.49039625220253025
209.47920432196918 1509.7265979844387 -0.4902338933072746
209.4811208311096 1509.22660168382 -0.490071534412019
209.48316972954296 1508.7266060880731 -0.4896173881491017
209.48521862797634 1508.2266104923262 -0.48916324188618443
209.48744071911733 1507.7266155416144 -0.4888292153996068
209.48966281025832 1507.2266205909025 -0.4884951889130291
209.49188490139932 1506.7266256401906 -0.48816116242645147
209.49384697918413 1506.2266295936342 -0.4878391704696252
209.49580905696894 1505.7266335470779 -0.48751717851279897
209.49777113475375 1505.2266375005215 -0.4871951865559727
209.49977127875752 1504.7266415339272 -0.48701404184550434
209.5017714227613 1504.226645567333 -0.48683289713503597
209.50377156676507 1503.7266496007387 -0.4866517524245676
209.50577171076884 1503.2266536341444 -0.4864706077140992
209.5077718547726 1502.7266576675502 -0.48628946300363085
209.5097719987764 1502.226661700956 -0.4861083182931625
209.51095874939347 1501.9299978003837 -0.4860008392333981
209.51312910315164 1501.4300025846426 -0.4857291766041829
209.51529945690982 1500.9300073689014 -0.4854575139749677
209.517469810668 1500.4300121531603 -0.48518585134575254
209.51948270873606 1499.9300164198285 -0.48472228758710467
209.52149560680414 1499.4300206864966 -0.4842587238284568
209.5235085048722 1498.9300249531648 -0.48379516006980894
209.52552140294029 1498.430029219833 -0.48333159631116107
209.5275543079656 1497.930033408637 -0.4830947764627255
209.52958721299092 1497.430037597441 -0.4828579566142899
209.53162011801624 1496.930041786245 -0.4826211367658543
209.53365302304155 1496.430045975049 -0.4823843169174187
209.53568592806687 1495.9300501638531 -0.4821474970689831
209.5397430440064 1495.4300669252275 -0.48159895027923416
209.54380015994593 1494.9300836866018 -0.48105040348948525
209.54785727588546 1494.4301004479762 -0.48050185669973633
209.551914391825 1493.9301172093506 -0.4799533099099874
209.55597150776453 1493.430133970725 -0.4794047631202385
209.56011547596938 1492.9301512024304 -0.47916199586788366
209.56425944417424 1492.4301684341358 -0.4789192286155288
209.5684034123791 1491.9301856658412 -0.478676461363174
209.57254738058396 1491.4302028975467 -0.47843369411081915
209.5766913487888 1490.9302201292521 -0.4781909268584643
209.58073178483198 1490.4302367618357 -0.47763668546907123
209.58477222087515 1489.9302533944192 -0.47708244407967815
209.58881265691832 1489.4302700270027 -0.47652820269028506
209.5928530929615 1488.9302866595863 -0.475973961300892
209.59689352900466 1488.4303032921698 -0.4754197199114989
209.60114772810925 1487.9303213962326 -0.4753453905349011
209.60540192721385 1487.4303395002953 -0.4752710611583033
209.60965612631844 1486.930357604358 -0.4751967317817055
209.61391032542303 1486.4303757084208 -0.4751224024051077
209.61816452452763 1485.9303938124835 -0.47504807302850993
209.62225172430476 1485.4304105471376 -0.47521887112135186
209.6263389240819 1484.9304272817917 -0.4753896692141938
209.63042612385902 1484.4304440164458 -0.4755604673070357
209.63451332363616 1483.9304607510999 -0.47573126539987765
209.6386005234133 1483.430477485754 -0.4759020634927196
209.6427171936433 1482.9304944333442 -0.47592020826455605
209.64683386387333 1482.4305113809344 -0.47593835303639254
209.65095053410334 1481.9305283285246 -0.475956497808229
209.65506720433336 1481.4305452761148 -0.4759746425800655
209.65918387456338 1480.930562223705 -0.475992787351902
209.66285181603655 1480.4305756776828 -0.47599423840035404
209.66651975750972 1479.9305891316606 -0.4759956894488061
209.6701876989829 1479.4306025856383 -0.47599714049725816
209.67385564045605 1478.930616039616 -0.4759985915457102
209.67752358192922 1478.4306294935939 -0.4760000425941623
209.68103678655416 1477.9306419815484 -0.4763810829649302
209.6845499911791 1477.430654469503 -0.4767621233356981
209.68806319580403 1476.9306669574576 -0.47714316370646603
209.69157640042897 1476.4306794454121 -0.47752420407723395
209.6950896050539 1475.9306919333667 -0.47790524444800186
209.69867639527047 1475.430705110667 -0.47846387023252057
209.70226318548703 1474.9307182879675 -0.4790224960170393
209.7058499757036 1474.4307314652679 -0.479581121801558
209.70943676592015 1473.9307446425682 -0.4801397475860767
209.7130235561367 1473.4307578198686 -0.4806983733705954
209.71655383405505 1472.9307704671235 -0.48112759675628114
209.7200841119734 1472.4307831143783 -0.4815568201419669
209.72361438989174 1471.9307957616331 -0.4819860435276526
209.72714466781008 1471.430808408888 -0.48241526691333836
209.73067494572842 1470.9308210561428 -0.4828444902990241
209.73423863931157 1470.4308338995681 -0.48322310403474367
209.73780233289472 1469.9308467429935 -0.48360171777046324
209.74136602647786 1469.4308595864188 -0.4839803315061828
209.744929720061 1468.9308724298442 -0.48435894524190237
209.74849341364416 1468.4308852732695 -0.48473755897762194
209.75170749312508 1467.9308956820967 -0.4844575376691135
209.754921572606 1467.4309060909238 -0.484177516360605
209.7581320212954 1466.9309172524138 -0.48325318714362564
209.7613424699848 1466.4309284139038 -0.48232885792664626
209.7645529186742 1465.9309395753937 -0.4814045287096669
209.76753255608594 1465.4309486442944 -0.48096797473240016
209.77051219349767 1464.930957713195 -0.48053142075513344
209.7734918309094 1464.4309667820958 -0.4800948667778667
209.77647146832112 1463.9309758509964 -0.4796583128006
209.77945110573285 1463.4309849198971 -0.4792217588233333
209.78242415582008 1462.9309944143338 -0.47841224057609655
209.78539720590732 1462.4310039087704 -0.4776027223288598
209.78837025599455 1461.931013403207 -0.47679320408162307
209.79134330608179 1461.4310228976437 -0.4759836858343863
209.79431635616902 1460.9310323920804 -0.4751741675871496
209.79744452199918 1460.431042533368 -0.47457770862247284
209.80057268782934 1459.9310526746558 -0.4739812496577961
209.8037008536595 1459.4310628159435 -0.47338479069311934
209.80682901948967 1458.9310729572312 -0.4727883317284426
209.80995718531983 1458.431083098519 -0.47219187276376584
209.81286657355395 1457.9310919461795 -0.4715729686050134
209.81577596178806 1457.4311007938402 -0.470954064446261
209.81868535002218 1456.9311096415008 -0.47033516028750855
209.8215947382563 1456.4311184891615 -0.4697162561287561
209.8245041264904 1455.931127336822 -0.4690973519700037
209.8276844160356 1455.4311380082627 -0.4683509707035308
209.83086470558078 1454.9311486797033 -0.46760458943705796
209.83404499512596 1454.4311593511438 -0.4668582081705851
209.83722528467115 1453.9311700225844 -0.46611182690411224
209.84040557421633 1453.431180694025 -0.4653654456376394
209.84338901264755 1452.9311899681047 -0.4647546356514233
209.84637245107876 1452.4311992421844 -0.4641438256652072
209.84935588950998 1451.9312085162642 -0.4635330156789911
209.8522161773651 1451.4312171382085 -0.46286922099707506
209.85507646522024 1450.9312257601528 -0.46220542631515904
209.8578832416681 1450.4312341908103 -0.46146206072211615
209.86069001811597 1449.9312426214678 -0.46071869512907326
209.86349679456384 1449.4312510521254 -0.4599753295360304
209.8663035710117 1448.931259482783 -0.4592319639429875
209.86911034745958 1448.4312679134405 -0.4584885983499446
209.87186125078688 1447.931275764834 -0.45795581058519785
209.87461215411417 1447.4312836162276 -0.4574230228204511
209.87736305744147 1446.9312914676211 -0.45689023505570436
209.88011396076877 1446.4312993190147 -0.4563574472909576
209.8829176746633 1445.931307378247 -0.45591207576967296
209.88572138855784 1445.4313154374795 -0.4554667042483883
209.88852510245238 1444.931323496712 -0.45502133272710366
209.8913288163469 1444.4313315559443 -0.454575961205819
209.89413253024145 1443.9313396151767 -0.45413058968453435
209.89711345780904 1443.4313487462787 -0.45363552463620593
209.90009438537663 1442.9313578773806 -0.4531404595878775
209.90307531294422 1442.4313670084825 -0.4526453945395491
209.90605624051182 1441.9313761395845 -0.4521503294912207
209.90887460105682 1441.431384272899 -0.45171433378765236
209.91169296160183 1440.9313924062137 -0.451278338084084
209.91451132214684 1440.4314005395283 -0.4508423423805157
209.91732968269184 1439.931408672843 -0.45040634667694734
209.92016551465133 1439.4314167327161 -0.45027268576390755
209.92300134661082 1438.9314247925893 -0.45013902485086776
209.9258371785703 1438.4314328524624 -0.450005363937828
209.92861191607074 1437.9314405516914 -0.4500041522190864
209.93138665357117 1437.4314482509203 -0.45000294050034484
209.9341613910716 1436.9314559501493 -0.45000172878160327
209.93693612857203 1436.4314636493782 -0.4500005170628617
209.93966283633358 1435.9314710843687 -0.45000025013058675
209.94238954409514 1435.4314785193592 -0.4499999831983118
209.9451162518567 1434.9314859543497 -0.44999971626603685
209.94631591374446 1434.431487490924 -0.44968765336181826
209.94751557563222 1433.9314890274982 -0.44937559045759967
209.94871523752 1433.4314905640724 -0.4490635275533811
209.94978164353518 1432.9314917014615 -0.4490506448016489
209.95084804955036 1432.4314928388505 -0.44903776204991674
209.95191445556554 1431.9314939762396 -0.4490248792981846
209.95298086158073 1431.4314951136287 -0.4490119965464524
209.9539209286279 1430.931495997359 -0.4490101387967911
209.95486099567506 1430.4314968810893 -0.44900828104712975
209.95580106272223 1429.9314977648196 -0.4490064232974684
209.9567411297694 1429.43149864855 -0.4490045655478071
209.95768119681657 1428.9314995322802 -0.4490027077981458
209.95862126386373 1428.4315004160105 -0.44900085004848445
209.9595957586689 1427.9315013656517 -0.44900070020778216
209.9605702534741 1427.4315023152928 -0.44900055036707986
209.96154474827927 1426.931503264934 -0.4490004005263776
209.96251924308444 1426.4315042145752 -0.4490002506856753
209.96347103453502 1425.931505120483 -0.4490002388606652
209.9644228259856 1425.431506026391 -0.4490002270356551
209.96537461743617 1424.9315069322988 -0.44900021521064504
209.96632640888674 1424.4315078382067 -0.44900020338563496
209.96727820033732 1423.9315087441146 -0.4490001915606249
209.9682551409619 1423.4315096985285 -0.44900018979583634
209.96923208158648 1422.9315106529425 -0.4490001880310478
209.97020902221107 1422.4315116073565 -0.44900018626625926
209.97118596283565 1421.9315125617704 -0.4490001845014707
209.97213496038864 1421.4315134623675 -0.44900018427197985
209.97308395794164 1420.9315143629647 -0.449000184042489
209.97403295549464 1420.4315152635618 -0.4490001838129981
209.97498195304763 1419.931516164159 -0.44900018358350724
209.97593095060063 1419.431517064756 -0.44900018335401637
209.97687994815362 1418.9315179653531 -0.4490001831245255
209.97798463071467 1418.4315197000706 -0.44971739356180507
209.97908931327572 1417.931521434788 -0.45043460399908464
209.97996969495432 1417.431522290006 -0.4507177033385482
209.98085007663292 1416.9315231452238 -0.4510008026780118
209.98173045831152 1416.4315240004416 -0.45128390201747537
209.98261083999012 1415.9315248556595 -0.45156700135693895
209.98349122166871 1415.4315257108774 -0.4518501006964025
209.98433845831687 1414.9315264762338 -0.4520681508690929
209.98518569496503 1414.4315272415902 -0.4522862010417833
209.98603293161318 1413.9315280069466 -0.4525042512144737
209.98688016826134 1413.431528772303 -0.45272230138716407
209.9877274049095 1412.9315295376593 -0.45294035155985446
209.98862519496447 1412.431530394174 -0.4531650441625502
209.98952298501945 1411.9315312506885 -0.45338973676524597
209.99042077507443 1411.431532107203 -0.4536144293679417
209.9913185651294 1410.9315329637177 -0.45383912197063747
209.99202525046098 1410.4315335139736 -0.45406462435780026
209.99273193579256 1409.9315340642295 -0.45429012674496305
209.99343862112414 1409.4315346144854 -0.45451562913212584
209.99414530645572 1408.9315351647413 -0.45474113151928863
209.9948519917873 1408.4315357149972 -0.4549666339064514
209.99583498851086 1407.9315376199388 -0.4559354762787047
209.99681798523443 1407.4315395248805 -0.45690431865095793
209.997800981958 1406.9315414298221 -0.4578731610232112
209.99878397868156 1406.4315433347638 -0.45884200339546444
209.99976697540512 1405.9315452397054 -0.4598108457677177
210.00060851129388 1405.4315463578412 -0.4604511204965711
210.00145004718263 1404.931547475977 -0.4610913952254245
210.00229158307138 1404.4315485941127 -0.46173166995427795
210.00313311896014 1403.9315497122484 -0.46237194468313136
210.00394236542263 1403.4315512576811 -0.46331563456837443
210.00475161188513 1402.9315528031138 -0.4642593244536175
210.00556085834762 1402.4315543485466 -0.4652030143388606
210.00637010481012 1401.9315558939793 -0.46614670422410365
210.0071793512726 1401.431557439412 -0.4670903941093467
210.0080667780486 1400.9315591345435 -0.46804307573168047
210.0089542048246 1400.431560829675 -0.4689957573540142
210.0100055054761 1399.931562557321 -0.4697846870154422
210.0110568061276 1399.4315642849672 -0.47057361667687014
210.01210810677912 1398.9315660126133 -0.4713625463382981
210.01313830475544 1398.4315671570907 -0.4716509354070907
210.01416850273176 1397.9315683015682 -0.47193932447588327
210.01519870070808 1397.4315694460456 -0.47222771354467585
210.0162288986844 1396.931570590523 -0.47251610261346844
210.01725909666072 1396.4315717350005 -0.472804491682261
210.01824568123754 1395.9315728526772 -0.47318439466909956
210.01923226581437 1395.4315739703538 -0.4735642976559381
210.0202188503912 1394.9315750880305 -0.47394420064277665
210.021205434968 1394.4315762057072 -0.4743241036296152
210.02219201954483 1393.9315773233839 -0.47470400661645373
210.02339069492325 1393.4315789256373 -0.47511073511487345
210.02458937030167 1392.9315805278907 -0.47551746361329317
210.0257880456801 1392.431582130144 -0.4759241921117129
210.0269867210585 1391.9315837323975 -0.4763309206101326
210.02818539643692 1391.431585334651 -0.4767376491085523
210.0291902999902 1390.931586392724 -0.47695728731375153
210.03019520354349 1390.4315874507972 -0.47717692551895075
210.03120010709677 1389.9315885088704 -0.47739656372414996
210.03220501065005 1389.4315895669436 -0.47761620192934917
210.03320991420333 1388.9315906250167 -0.4778358401345484
210.03433901143603 1388.4315919006287 -0.47786322278188575
210.03546810866874 1387.9315931762408 -0.4778906054292231
210.03659720590144 1387.4315944518528 -0.4779179880765605
210.03772630313415 1386.9315957274648 -0.47794537072389787
210.03885540036686 1386.4315970030768 -0.47797275337123524
210.0395410554538 1385.9315974734764 -0.47798938172626115
210.04062389998376 1385.4315986460342 -0.477991406424467
210.0417067445137 1384.931599818592 -0.4779934311226729
210.04278958904365 1384.43160099115 -0.47799545582087877
210.0438724335736 1383.9316021637078 -0.47799748051908464
210.04495527810354 1383.4316033362657 -0.4779995052172905
210.04608988805614 1382.9316046592855 -0.47781061811285097
210.04722449800875 1382.4316059823054 -0.47762173100841143
210.04835910796135 1381.9316073053253 -0.4774328439039719
210.04949371791395 1381.4316086283452 -0.47724395679953235
210.05062832786655 1380.931609951365 -0.4770550696950928
210.05164109413727 1380.431610977171 -0.4770446182030138
210.052653860408 1379.9316120029769 -0.4770341667109348
210.0536666266787 1379.4316130287827 -0.4770237152188558
210.05467939294942 1378.9316140545886 -0.47701326372677677
210.05569215922014 1378.4316150803945 -0.47700281223469776
210.05679829388282 1377.931617893697 -0.4757419551719898
210.0579044285455 1377.4316207069994 -0.47448109810928185
210.05901056320818 1376.9316235203019 -0.4732202410465739
210.06011669787085 1376.4316263336043 -0.47195938398386594
210.06113496171986 1375.9316278469003 -0.471269143139167
210.06215322556886 1375.4316293601962 -0.4705789022944681
210.06317148941787 1374.9316308734922 -0.46988866144976915
210.06418975326687 1374.4316323867881 -0.4691984206050702
210.06520801711588 1373.931633900084 -0.4685081797603713
210.06631578167696 1373.431636698599 -0.46725463887353047
210.06742354623805 1372.931639497114 -0.46600109798668965
210.06853131079913 1372.431642295629 -0.46474755709984883
210.06963907536021 1371.931645094144 -0.463494016213008
210.0707468399213 1371.431647892659 -0.4622404753261672
210.07462668777748 1370.931663332948 -0.4616185178327148
210.07850653563366 1370.4316787732369 -0.4609965603392624
210.08238638348985 1369.9316942135258 -0.46037460284581
210.08626623134603 1369.4317096538148 -0.4597526453523576
210.0901460792022 1368.9317250941037 -0.4591306878589052
210.0941558045049 1368.4317411733507 -0.4590976529451396
210.0981655298076 1367.9317572525977 -0.459064618031374
210.1021752551103 1367.4317733318446 -0.4590315831176084
210.10640456080068 1366.9317912192357 -0.45902491937096856
210.11063386649107 1366.4318091066268 -0.45901825562432874
210.11486317218146 1365.931826994018 -0.4590115918776889
210.11909247787185 1365.431844881409 -0.4590049281310491
210.1231439359359 1364.9318613480211 -0.4587768304416785
210.12719539399995 1364.4318778146333 -0.4585487327523079
210.131246852064 1363.9318942812454 -0.4583206350629373
210.13529831012806 1363.4319107478575 -0.4580925373735667
210.13956002523082 1362.931928910912 -0.4580699785052804
210.14382174033358 1362.4319470739663 -0.45804741963699414
210.14808345543634 1361.9319652370207 -0.45802486076870785
210.1523451705391 1361.431983400075 -0.45800230190042157
210.15660080090595 1360.9320015107955 -0.4580006972196313
210.1608564312728 1360.432019621516 -0.4579990925388411
210.1648611250355 1359.9320362747671 -0.4572146170719239
210.16961142300556 1359.4320588613166 -0.4570707127782745
210.17437658213964 1358.9320815725894 -0.4570073450970723
210.17495875648456 1358.8679978018627 -0.45699960327148403
210.1804832812703 1358.3680283231683 -0.45699960327148403
210.18560261929008 1357.8680545718164 -0.4572004445004815
210.19072195730985 1357.3680808204645 -0.4574012857294789
210.19584129532961 1356.8681070691125 -0.45760212695847635
210.20096063334938 1356.3681333177606 -0.4578029681874738
210.20593751953845 1355.8681580889029 -0.4578366219691097
210.21091440572752 1355.3681828600452 -0.45787027575074557
210.2158912919166 1354.8682076311875 -0.45790392953238146
210.22086817810566 1354.3682324023298 -0.45793758331401735
210.22584506429473 1353.868257173472 -0.45797123709565324
210.23097539427965 1353.3682836151013 -0.4576238983418729
210.23610572426458 1352.8683100567305 -0.45727655958809255
210.2412360542495 1352.3683364983597 -0.4569292208343122
210.24636638423442 1351.8683629399889 -0.45658188208053185
210.25149671421934 1351.368389381618 -0.4562345433267515
210.2564689673486 1350.8684142693232 -0.4558298400943043
210.26144122047788 1350.3684391570284 -0.45542513686185704
210.26641347360714 1349.8684640447336 -0.4550204336294098
210.2713857267364 1349.3684889324388 -0.45461573039696257
210.27635797986568 1348.868513820144 -0.45421102716451534
210.28160511695478 1348.3685417154743 -0.45481277836790734
210.28685225404388 1347.8685696108046 -0.45541452957129935
210.28906764181636 1347.368574706416 -0.45584770676004627
210.29128302958884 1346.8685798020274 -0.4562808839487932
210.29349841736132 1346.3685848976388 -0.4567140611375401
210.29466716276318 1345.8685872334047 -0.45769884259269455
210.29583590816503 1345.3685895691706 -0.458683624047849
210.2970046535669 1344.8685919049365 -0.4596684055030035
210.29817339896874 1344.3685942407024 -0.46065318695815793
210.2993421443706 1343.8685965764682 -0.4616379684133124
210.30051088977245 1343.3685989122341 -0.46262274986846685
210.30149689035807 1342.8686002581355 -0.46323406188482563
210.30248289094368 1342.368601604037 -0.4638453739011844
210.3034688915293 1341.8686029499383 -0.4644566859175432
210.3044548921149 1341.3686042958398 -0.46506799793390197
210.30544089270052 1340.8686056417412 -0.46567930995026074
210.30648454613777 1340.368607456667 -0.46653119613745975
210.30752819957502 1339.8686092715927 -0.46738308232465875
210.30857185301227 1339.3686110865185 -0.46823496851185775
210.30961550644952 1338.8686129014443 -0.46908685469905675
210.31065915988677 1338.36861471637 -0.46993874088625576
210.31170281332402 1337.8686165312959 -0.47079062707345476
210.31277605551531 1337.3686186399236 -0.46981247858801534
210.3138492977066 1336.8686207485514 -0.4688343301025759
210.3149225398979 1336.3686228571792 -0.4678561816171365
210.3159957820892 1335.868624965807 -0.46687803313169707
210.31709773419198 1335.3686277957552 -0.4656069541707505
210.31819968629475 1334.8686306257034 -0.4643358752098039
210.31930163839752 1334.3686334556517 -0.4630647962488573
210.3204035905003 1333.8686362856 -0.46179371728791074
210.32150554260306 1333.3686391155481 -0.46052263832696416
210.32260207016134 1332.8686416372075 -0.45937403905539453
210.32170366363653 1332.3686436073442 -0.4582956149652744
210.32080525711172 1331.868645577481 -0.4572171908751541
210.3199068505869 1331.3686475476177 -0.45613876678503384
210.3190084440621 1330.8686495177544 -0.4550603426949136
210.31790428595332 1330.368653119774 -0.4535166971617306
210.31680012784454 1329.8686567217937 -0.4519730516285476
210.31569596973577 1329.3686603238134 -0.45042940609536464
210.314591811627 1328.868663925833 -0.44888576056218166
210.3134033797793 1328.3686654524363 -0.44854778025051634
210.31221494793158 1327.8686669790395 -0.448209799938851
210.31102651608387 1327.3686685056427 -0.4478718196271857
210.30983808423616 1326.868670032246 -0.4475338393155204
210.30864965238845 1326.3686715588492 -0.44719585900385506
210.30762966197005 1325.8686726451767 -0.44698150908295353
210.30660967155166 1325.3686737315043 -0.446767159162052
210.30558968113326 1324.8686748178318 -0.4465528092411505
210.30456969071486 1324.3686759041593 -0.44633845932024896
210.30354970029646 1323.8686769904868 -0.44612410939934743
210.30236115286186 1323.3686784441911 -0.4459214835213724
210.30117260542727 1322.8686798978954 -0.44571885764339736
210.29998405799267 1322.3686813515997 -0.4455162317654223
210.29879551055808 1321.868682805304 -0.4453136058874473
210.29760696312349 1321.3686842590082 -0.44511098000947225
210.29659607794497 1320.8686854236855 -0.4447331081871472
210.29558519276645 1320.3686865883628 -0.4443552363648221
210.29457430758794 1319.8686877530401 -0.44397736454249703
210.29356342240942 1319.3686889177175 -0.44359949272017196
210.2925525372309 1318.8686900823948 -0.4432216208978469
210.29095875815256 1318.4919978035614 -0.44399911499023403